NOP,515614,1,80,0,72,64,0,0
NOP,515615,0,217,0,0,225,353,236
NOP,515615,1,96,84,72,64,0,69
NOP,515615,0,325,93,0,217,353,244
NOP,515616,1,119,0,66,70,0,94
NOP,515617,0,291,68,0,217,354,249
NOP,515621,1,62,0,0,78,0,63
NOP,515633,0,80,56,0,209,356,249
NOP,515864,1,111,0,0,0,0,0
NOP,515864,0,61,94,0,204,359,243
NOP,515865,1,100,72,62,0,0,62
NOP,515865,0,67,124,0,204,361,242
NOP,515866,1,97,83,50,0,0,0
NOP,515867,0,100,214,0,204,361,242
NOP,516004,1,78,97,0,0,0,0
NOP,516004,0,152,220,0,204,361,243
NOP,516005,1,112,0,52,0,0,0
NOP,516005,0,0,220,0,204,361,242
NOP,516006,2,182,0,0,0,0,55
NOP,516007,2,184,0,55,0,0,0
NOP,516009,2,157,69,0,0,0,0
NOP,516012,2,171,66,54,0,0,56
NOP,516015,2,171,52,54,0,0,65
NOP,516017,2,166,71,0,0,0,0
NOP,516020,2,167,0,0,0,0,0
NOP,516022,2,157,0,0,0,0,0
NOP,516024,2,161,73,0,0,0,71
NOP,516027,2,153,64,0,0,0,59
NOP,516030,2,167,0,79,0,0,0
NOP,516035,1,93,85,0,0,0,75
NOP,516035,2,152,0,0,0,0,0
NOP,516114,0,0,222,0,204,361,243
NOP,516115,1,73,50,0,72,0,0
NOP,516115,2,171,68,0,0,0,0
NOP,516366,0,0,189,0,204,361,245
NOP,516366,1,111,54,71,80,0,0
NOP,516367,2,157,60,0,0,0,59
NOP,516367,0,85,275,0,205,361,248
NOP,516367,1,84,113,71,0,0,0
NOP,516369,2,154,0,0,0,0,0
NOP,516371,0,179,304,0,205,361,249
NOP,516374,1,53,111,53,0,0,55
NOP,516377,0,71,289,0,205,362,248
NOP,516381,1,90,0,57,53,0,0
NOP,516614,0,0,251,0,203,368,248
NOP,516615,1,96,71,0,53,0,0
NOP,516615,0,0,160,0,203,369,241
NOP,516615,1,53,55,56,57,0,0
NOP,516616,0,65,176,0,205,369,242
NOP,516617,1,85,0,74,72,0,0
NOP,516672,2,173,0,62,0,0,0
NOP,516673,2,165,71,0,0,52,0
NOP,516673,2,162,51,0,0,52,56
NOP,516673,2,159,0,0,0,52,0
NOP,516674,2,168,67,0,0,0,0
NOP,516674,0,121,189,0,203,346,244
NOP,516677,2,170,0,0,0,0,0
NOP,516683,1,95,96,52,64,0,50
NOP,516864,0,0,128,0,203,313,244
NOP,516864,2,167,77,0,0,0,60
NOP,516865,1,77,0,66,0,0,52
NOP,516865,0,0,64,0,203,290,233
NOP,516866,1,92,0,64,0,0,58
NOP,516867,0,0,0,0,203,287,234
NOP,517114,1,100,72,0,0,0,0
NOP,517114,0,50,71,0,203,295,220
NOP,517115,1,79,65,65,0,0,0
NOP,517115,0,151,135,0,186,310,225
NOP,517116,1,82,71,64,66,0,74
NOP,517117,0,98,67,0,162,312,228
NOP,517120,1,94,140,59,66,0,68
NOP,517127,0,0,66,0,112,315,230
NOP,517364,1,86,0,0,88,0,60
NOP,517364,0,0,0,0,75,303,238
NOP,517365,1,76,0,0,0,0,60
NOP,517365,0,54,0,79,75,252,255
NOP,517366,1,106,53,0,0,0,0
NOP,517366,0,134,134,145,106,216,305
NOP,517614,1,89,55,68,0,0,0
NOP,517615,0,162,74,114,214,217,315
NOP,517615,1,77,63,68,0,0,0
NOP,517615,0,0,0,0,218,221,314
NOP,517616,1,82,116,68,0,51,82
NOP,517617,0,0,0,0,166,225,316
NOP,517620,1,103,0,59,55,51,105
NOP,517777,0,50,0,0,78,225,318
NOP,517778,1,82,74,0,79,0,64
NOP,517778,0,90,106,0,0,225,320
NOP,517779,1,61,81,0,53,0,0
NOP,517779,0,149,118,0,0,225,323
NOP,517780,2,176,59,0,0,0,61
NOP,517782,2,163,0,0,0,0,0
NOP,517785,2,180,0,50,0,0,0
NOP,517787,2,176,59,51,0,0,52
NOP,517790,2,169,0,52,0,60,53
NOP,517793,2,163,0,53,0,0,0
NOP,517795,2,175,55,0,0,0,0
NOP,517798,2,184,65,55,0,0,0
NOP,517800,2,155,85,55,0,0,0
NOP,517803,2,169,60,58,0,0,0
NOP,517806,2,169,0,0,0,0,0
NOP,517808,2,174,0,57,0,0,0
NOP,517810,2,177,95,50,0,0,63
NOP,517813,2,162,67,0,0,0,0
NOP,517816,2,180,0,87,0,0,0
NOP,517818,1,91,51,60,0,0,0
NOP,517864,0,0,0,0,0,225,326
NOP,517864,2,165,0,65,0,0,0
NOP,518114,1,91,100,0,0,0,0
NOP,518115,0,0,0,0,0,226,326
NOP,518115,2,169,68,71,0,0,0
NOP,518116,1,75,118,58,0,0,0
NOP,518116,0,0,0,0,59,227,326
NOP,518117,2,168,70,71,0,0,0
NOP,518119,1,99,0,0,0,0,0
NOP,518122,0,58,58,0,138,227,332
NOP,518125,2,162,61,71,0,0,0
NOP,518127,1,94,79,0,60,0,107
NOP,518130,0,162,117,0,150,222,335
NOP,518159,1,0,58,72,76,0,76
NOP,518366,0,70,68,0,150,223,336
NOP,518367,1,77,0,64,113,0,0
NOP,518367,0,0,58,0,152,223,334
NOP,518368,1,96,90,0,0,0,0
NOP,518368,0,0,0,0,166,224,334
NOP,518614,1,101,116,53,58,0,0
NOP,518615,0,51,0,0,183,225,337
NOP,518615,1,79,0,56,62,0,0
NOP,518615,0,128,140,0,200,227,340
NOP,518616,1,102,62,0,56,0,0
NOP,518617,0,126,82,0,211,227,317
NOP,518620,1,77,73,55,56,0,68
NOP,518623,0,0,0,0,217,228,277
NOP,518647,1,91,0,70,58,0,69
NOP,518648,2,165,0,0,0,0,0
NOP,518648,2,166,0,58,0,57,54
NOP,518649,2,169,84,56,0,0,0
NOP,518649,2,154,56,57,0,52,0
NOP,518650,2,156,0,0,0,0,0
NOP,518652,2,162,0,50,0,0,75
NOP,518654,2,169,0,0,0,0,68
NOP,518657,2,160,0,0,0,0,0
NOP,518671,0,54,0,0,197,237,229
test,519843,2,171,0,0,0,0,0
test,519844,1,103,84,57,76,0,72
test,519844,0,0,0,0,194,305,228
test,519844,2,158,54,0,0,0,0
test,519845,1,112,110,57,64,0,67
test,519846,0,92,95,123,194,333,219
test,519850,2,168,0,50,0,0,74
test,519852,1,83,0,57,0,0,56
test,519855,0,166,88,145,197,335,201
test,519858,2,163,0,0,0,0,60
test,519861,1,114,59,0,0,0,0
test,519863,0,0,0,147,203,340,196
test,519866,2,163,77,0,0,0,0
test,519869,1,101,67,0,0,0,0
test,519872,0,0,0,149,218,347,212
test,519875,1,73,61,66,0,0,0
test,519877,0,52,0,155,219,354,213
test,519881,1,86,73,66,0,0,55
test,519883,0,75,0,162,219,357,216
test,519887,1,109,91,57,68,0,61
test,519891,2,161,0,0,0,0,0
test,519891,2,169,0,58,0,0,63
test,519894,2,178,63,72,0,0,59
test,519897,2,157,76,72,0,0,0
test,519900,0,83,59,162,220,360,212
test,519905,1,89,0,0,0,0,62
test,519906,2,177,0,72,0,0,0
test,519909,0,0,0,163,226,363,189
test,519911,1,97,68,0,0,0,0
test,519914,2,184,0,53,0,0,0
test,519916,0,0,0,166,226,365,172
test,519919,1,77,60,62,0,0,0
test,519922,0,0,0,166,226,366,148
test,519925,1,88,93,57,0,0,0
test,519927,0,71,117,167,226,366,151
test,519931,1,72,124,57,0,0,0
test,519933,0,128,103,170,226,367,185
test,519937,1,97,0,57,0,0,56
test,519940,0,0,52,172,226,367,201
test,519942,1,104,57,0,78,0,57
test,519945,0,0,0,172,226,367,204
test,519949,1,53,51,0,94,0,55
test,519951,0,50,0,163,226,367,185
test,519954,1,106,51,75,0,0,0
test,519957,0,51,83,157,226,367,169
test,519960,1,103,83,0,64,0,0
test,519972,0,147,96,155,226,367,181
test,520239,1,83,108,0,69,0,0
test,520239,0,57,0,157,226,367,196
test,520240,1,79,0,55,69,63,0
test,520240,0,0,0,164,226,368,201
test,520241,1,112,64,0,69,50,93
test,520243,0,0,0,164,224,369,211
test,520246,1,59,78,0,74,0,68
test,520252,0,0,0,164,224,369,215
test,520440,1,85,0,80,103,0,0
test,520440,0,125,97,170,224,370,217
test,520441,1,92,70,64,0,0,0
test,520442,0,96,81,171,224,370,212
test,520442,1,91,88,75,0,0,0
test,520444,2,162,0,50,0,0,77
test,520446,2,154,77,50,0,0,0
test,520449,2,164,69,50,0,0,0
test,520452,2,179,0,0,0,0,0
test,520454,2,161,0,0,0,0,55
test,520457,2,185,80,0,0,0,0
test,520459,2,173,54,0,0,0,0
test,520462,2,170,0,0,0,0,0
test,520464,2,154,0,0,0,0,68
test,520467,2,170,0,0,0,0,55
test,520470,2,184,0,0,0,0,0
test,520473,2,154,65,0,0,0,0
test,520475,2,172,0,0,0,0,54
test,520477,2,177,0,0,0,0,88
test,520480,2,163,94,0,0,0,50
test,520483,0,0,59,184,224,370,204
test,520539,1,54,0,75,54,0,0
test,520539,2,157,0,0,0,0,0
test,520539,0,0,0,184,224,371,190
test,520814,1,98,0,0,54,0,0
test,520814,2,163,0,0,0,0,0
test,520815,0,0,0,184,217,371,185
test,520815,1,85,87,54,54,0,95
test,520815,2,173,0,0,0,0,67
test,520816,0,68,111,184,217,371,205
test,520820,1,85,62,64,54,0,58
test,520823,2,155,0,0,0,75,58
test,520825,0,98,89,184,217,371,218
test,520828,1,89,79,0,100,0,61
test,520831,2,170,54,0,0,0,0
test,520834,0,0,60,184,217,371,227
test,520858,1,109,81,0,0,0,54
State change.Settings. state=GOODNUF. isPlayer? A0=1 A1=0 A2=1. areCoord? A01=0 A12=0 A20=1
test,521042,2,163,0,62,0,61,0
test,521043,0,0,54,184,217,371,226
test,521043,1,113,0,0,0,0,0
test,521043,2,169,0,0,0,0,63
test,521045,0,0,0,186,217,371,178
test,521048,1,75,50,0,0,0,0
test,521050,0,67,84,182,217,372,166
test,521089,2,182,0,61,0,0,50
test,521089,1,102,71,56,58,0,0
test,521090,2,169,83,64,0,0,0
test,521279,0,136,125,182,217,372,169
test,521279,1,53,93,64,59,0,73
test,521280,2,159,64,56,0,0,0
test,521280,0,69,60,182,217,372,187
test,521280,1,58,97,0,75,0,97
test,521283,2,165,0,0,0,0,0
test,521285,0,0,0,182,217,372,207
test,521290,1,94,89,0,95,0,0
test,521291,2,156,0,0,0,0,0
test,521305,0,0,0,182,216,368,216
test,521364,1,116,52,0,75,0,0
test,521364,2,162,86,0,0,0,0
test,521640,0,0,52,182,217,354,191
test,521640,1,81,62,0,0,0,0
test,521641,2,153,65,0,0,0,0
test,521641,0,143,96,184,217,354,187
test,521642,1,91,67,78,0,0,50
test,521644,0,68,59,176,217,356,202
test,521647,1,117,66,0,0,0,0
test,521649,0,0,0,168,218,360,211
test,521652,1,92,124,0,0,0,0
test,521886,0,0,0,171,218,360,224
test,521887,1,69,54,0,0,0,75
test,521888,0,0,0,177,218,361,231
test,521888,1,107,0,0,0,0,85
test,521888,0,106,117,178,218,361,238
test,521890,1,93,79,0,102,0,67
test,521895,2,171,0,0,0,0,0
test,521896,2,164,0,0,0,0,60
test,521898,2,163,0,0,0,0,0
test,521901,2,182,57,0,0,0,0
test,521903,2,161,70,0,0,0,0
test,521906,2,168,0,0,0,0,84
test,521909,0,0,58,161,218,339,193
test,522117,2,170,0,0,0,58,0
test,522119,1,57,60,0,0,0,61
test,522120,0,0,51,161,218,317,157
test,522120,2,179,77,0,0,53,0
test,522120,1,101,56,0,0,0,0
test,522121,0,0,0,143,226,326,156
test,522123,1,104,109,0,0,0,0
test,522126,0,59,58,87,228,338,183
test,522144,1,63,0,0,0,0,0
test,522187,0,132,100,0,228,303,194
test,522439,1,90,0,0,0,0,60
test,522439,0,88,109,0,228,263,200
test,522439,1,90,86,0,52,0,61
test,522440,0,0,151,0,233,222,212
test,522440,1,50,65,0,116,0,69
test,522442,0,0,123,0,246,209,213
test,522445,1,86,52,59,0,0,0
test,522713,0,0,0,0,256,211,170
test,522714,1,100,106,50,0,0,0
test,522714,0,85,117,100,285,215,134
test,522715,1,79,0,50,0,0,0
test,522715,0,77,75,126,322,219,148
test,522717,1,92,0,0,0,0,0
test,522720,0,0,52,110,330,220,154
test,522723,1,122,63,0,0,0,75
test,522747,0,0,0,118,331,220,144
test,523014,1,70,71,68,0,0,101
test,523014,0,50,0,152,331,231,207
test,523014,1,91,66,64,73,0,68
test,523015,0,112,109,184,351,253,205
test,523015,1,94,124,0,64,0,60
test,523018,0,146,74,191,351,306,217
test,523021,1,98,0,0,0,0,60
test,523035,0,0,61,191,312,307,221
test,523035,2,169,0,0,0,0,52
test,523036,2,154,0,0,0,0,55
test,523036,2,163,53,0,0,0,78
test,523037,2,165,0,0,0,0,0
test,523038,2,179,56,0,0,0,0
test,523040,2,155,0,53,0,0,0
test,523043,2,160,0,69,0,0,0
test,523046,2,181,0,71,0,0,53
test,523048,2,151,75,57,0,0,0
test,523051,2,164,0,57,0,0,0
test,523054,2,172,0,0,0,0,0
test,523056,2,176,0,0,0,0,0
test,523059,2,167,61,0,0,0,0
test,523061,2,182,0,52,0,0,0
test,523065,2,177,0,87,0,0,0
test,523066,1,62,58,0,0,0,0
test,523289,0,0,56,191,273,308,212
test,523289,2,155,0,0,0,0,0
test,523289,1,97,72,0,0,0,0
test,523290,0,0,0,191,261,308,206
test,523290,2,177,0,0,0,0,60
test,523292,1,83,0,0,0,0,0
test,523294,0,57,58,203,248,286,205
test,523297,2,177,81,0,0,0,0
test,523300,1,90,98,0,0,0,106
test,523564,0,130,75,151,228,218,205
test,523564,2,161,56,0,0,0,0
test,523564,1,51,77,0,70,0,53
test,523565,0,58,63,0,203,215,204
test,523565,2,181,0,0,0,0,0
test,523567,1,96,0,0,99,0,53
test,523570,0,0,0,0,141,221,192
test,523573,2,174,0,0,0,0,0
test,523575,1,111,69,0,0,57,52
test,523578,0,0,0,0,54,174,176
test,523581,2,169,84,0,0,0,0
test,523583,1,61,77,72,0,0,59
test,523587,0,0,0,0,0,123,155
test,523838,1,97,0,71,51,0,0
test,523839,0,92,96,0,0,105,136
test,523839,1,103,93,59,67,0,0
test,523840,0,78,65,0,0,90,126
test,523840,1,88,67,51,68,0,74
test,523842,0,0,51,0,0,82,120
test,523844,1,50,0,51,88,0,81
test,524127,0,0,0,0,0,0,132
test,524127,1,113,53,51,111,0,56
test,524128,0,0,0,0,0,0,141
test,524129,1,64,94,58,0,0,54
test,524129,0,63,116,0,0,0,153
test,524130,1,68,63,75,0,0,55
test,524132,0,107,93,0,0,63,169
test,524135,1,82,79,0,0,0,0
test,524138,2,162,51,52,0,0,0
test,524140,2,170,0,0,0,0,0
test,524143,2,168,0,0,0,0,0
test,524145,2,153,0,0,0,0,59
test,524150,2,153,0,0,0,0,0
test,524151,2,161,0,56,0,0,0
test,524153,2,170,0,56,0,0,75
test,524156,2,154,0,56,0,0,0
test,524159,0,52,0,0,0,187,181
test,524176,1,92,67,0,0,0,0
test,524415,2,176,68,56,0,0,0
test,524416,0,0,0,78,0,283,188
test,524416,1,83,0,58,0,0,76
test,524417,2,156,0,56,0,0,0
test,524417,0,0,0,116,147,299,183
test,524418,1,94,0,0,0,0,79
test,524421,2,153,0,0,0,0,78
test,524424,0,66,78,171,263,274,190
test,524427,1,86,78,73,93,0,60
test,524430,2,167,0,0,0,0,0
test,524434,0,131,113,246,322,246,178
test,524558,1,61,68,64,0,0,62
test,524558,2,177,88,0,0,0,0
test,524559,0,106,71,247,330,245,122
test,524561,1,72,63,64,0,0,57
test,524562,2,174,56,0,0,59,0
test,524571,0,0,65,260,330,234,0
test,524689,1,98,0,51,0,0,0
test,524689,2,160,0,0,0,0,65
test,524689,0,0,179,317,330,171,0
test,524690,1,102,0,52,0,0,0
test,524963,0,57,202,317,318,165,0
test,524964,1,84,0,0,0,0,0
test,524964,0,121,221,318,281,173,54
test,524965,1,103,55,78,0,0,107
test,524965,0,84,221,318,247,157,111
test,524968,1,79,79,71,74,0,68
test,524970,0,0,221,302,245,104,140
test,524974,1,72,90,65,68,0,52
test,524994,0,0,221,287,228,0,110
test,525238,1,95,0,50,0,0,0
test,525239,0,0,200,218,210,0,70
test,525239,1,93,0,51,0,0,0
test,525240,0,74,208,200,210,0,0
test,525240,1,75,0,0,0,0,0
test,525241,0,102,205,164,210,60,50
test,525513,1,101,56,51,0,0,0
test,525514,0,0,171,156,208,103,77
test,525514,1,85,73,51,0,0,94
test,525515,0,0,171,90,131,61,67
test,525515,1,90,105,51,52,0,102
test,525517,0,0,101,90,0,0,83
test,525520,1,52,0,52,112,0,0
test,525523,0,82,140,81,0,0,74
test,525528,1,95,0,51,0,0,0
test,525668,0,118,142,83,0,0,60
test,525670,1,90,85,0,0,0,0
test,525670,0,0,161,83,0,0,0
test,525670,1,69,72,74,0,0,0
test,525671,2,172,60,0,0,0,0
test,525671,2,175,73,50,0,0,0
test,525674,2,162,59,50,0,0,0
test,525676,2,169,0,50,0,50,74
test,525679,2,176,0,50,0,0,61
test,525682,2,187,0,50,0,0,54
test,525685,2,157,72,0,0,0,50
test,525687,2,166,0,0,0,0,66
test,525690,2,179,0,59,0,0,89
test,525692,2,171,0,56,0,0,0
test,525695,2,171,67,0,0,0,0
test,525698,2,171,0,0,0,0,0
test,525701,2,170,0,0,0,0,70
test,525703,2,159,0,0,0,0,0
test,525705,2,168,0,0,0,0,0
test,525708,0,0,175,83,0,0,0
test,525788,1,82,71,73,0,0,0
test,525789,2,171,73,0,0,0,63
test,525789,0,0,147,83,0,0,0
test,526063,1,95,105,0,0,0,61
test,526064,2,148,62,0,0,0,0
test,526064,0,0,131,83,0,0,0
test,526065,1,66,0,0,51,0,94
test,526065,2,167,0,0,0,0,59
test,526066,0,114,154,72,0,0,67
test,526069,1,83,0,0,95,0,73
test,526071,0,62,111,0,0,0,93
test,526074,1,99,59,0,58,0,75
test,526077,0,0,110,0,0,0,95
test,526082,1,57,65,69,0,0,52
test,526338,0,61,90,0,0,0,68
test,526339,1,79,51,0,0,0,0
test,526339,0,96,0,0,0,0,0
test,526339,1,101,87,0,61,0,0
test,526340,0,151,118,0,0,0,0
test,526341,1,103,0,0,61,0,0
test,526343,0,172,82,0,0,121,0
test,526531,1,62,0,0,70,0,71
test,526532,0,154,87,0,0,175,62
test,526532,1,116,0,64,85,0,77
test,526533,0,195,98,51,0,168,77
test,526533,1,90,60,50,112,0,66
test,526534,2,165,0,0,0,0,0
test,526537,2,152,91,0,0,0,0
test,526539,2,161,0,0,0,58,0
test,526542,2,157,67,52,0,53,0
test,526545,2,163,0,0,0,51,54
test,526547,2,163,51,0,0,0,0
test,526550,2,181,59,52,0,0,54
test,526553,2,154,59,0,0,0,0
test,526560,0,199,102,81,0,173,59
test,526560,2,159,0,0,0,0,0
test,526613,1,82,72,0,0,0,66
test,526614,0,199,168,105,0,182,59
test,526614,2,167,63,0,0,0,0
test,526864,1,94,86,0,0,0,0
test,526864,0,202,171,113,0,164,53
test,526864,2,173,67,0,0,0,0
test,526865,1,112,0,0,57,0,0
test,526865,0,139,171,126,152,121,0
test,526867,1,77,60,58,57,0,0
test,526870,0,97,171,133,193,112,0
test,526873,1,97,57,0,57,0,58
test,526883,0,54,151,156,197,104,0
State change.Settings. state=GOODJOB. isPlayer? A0=1 A1=0 A2=1. areCoord? A01=0 A12=0 A20=1
test,527043,1,108,69,53,57,0,70
test,527043,0,58,143,156,197,104,62
test,527044,1,96,101,53,117,0,60
test,527044,0,119,162,157,197,117,124
test,527138,2,179,0,59,0,0,54
test,527139,2,168,0,0,0,0,61
test,527139,2,185,0,58,0,0,0
test,527140,2,165,90,0,0,0,0
test,527140,2,156,0,51,0,0,55
test,527141,1,75,94,50,0,0,63
test,527144,0,104,178,157,197,134,161
test,527147,2,171,0,0,0,55,60
test,527184,1,77,0,50,0,0,66
test,527187,2,176,0,51,0,0,0
test,527188,0,0,179,145,213,142,164
test,527225,1,90,54,0,0,0,0
test,527413,2,177,64,51,0,0,0
test,527414,0,0,123,117,232,151,135
test,527414,1,75,63,0,0,0,0
test,527415,0,72,176,102,234,175,85
test,527415,1,84,63,55,0,0,0
test,527417,0,110,199,102,234,175,76
test,527713,1,89,111,55,0,0,73
test,527714,0,91,199,103,234,177,135
test,527714,1,66,76,50,100,0,69
test,527715,0,0,201,87,234,179,195
test,527715,1,76,0,51,0,0,0
test,527717,0,0,121,87,234,167,181
test,527720,1,121,54,0,0,0,0
test,527723,0,74,0,96,232,155,114
test,527727,1,71,76,81,0,0,0
test,527963,0,133,107,104,230,163,62
test,527964,1,73,0,72,0,0,0
test,527964,0,160,74,112,240,177,0
test,527965,1,105,65,57,0,0,0
test,527965,0,91,67,113,242,197,59
test,527968,1,91,52,51,0,0,107
test,527970,0,166,63,119,249,191,134
test,528213,1,58,0,58,55,0,60
test,528214,0,137,0,120,249,189,191
test,528214,1,83,0,0,65,0,0
test,528215,0,98,100,121,249,120,197
test,528215,1,85,94,66,0,0,0
test,528217,0,129,150,123,256,82,193
test,528221,1,81,70,0,0,0,0
test,528227,0,0,150,123,247,76,174
test,528291,1,101,74,0,0,0,0
test,528291,2,152,64,51,0,0,0
test,528292,2,170,0,52,0,0,0
test,528292,2,179,0,0,0,0,0
test,528292,2,161,0,59,0,0,0
test,528293,2,175,108,59,0,0,60
test,528297,2,166,64,57,0,0,53
test,528299,2,169,0,0,0,0,59
test,528302,2,154,0,61,0,0,0
test,528304,2,170,82,0,0,0,0
test,528307,2,185,54,0,0,67,52
test,528309,2,161,63,66,0,0,63
test,528312,2,164,0,0,0,0,51
test,528315,2,171,0,69,0,0,0
test,528318,2,169,91,64,0,0,74
test,528320,2,157,0,56,0,0,58
test,528323,0,0,152,124,235,88,175
test,528345,1,105,67,0,0,0,0
test,528463,2,174,0,0,0,0,51
test,528463,0,0,98,125,223,108,181
test,528464,1,98,0,71,0,0,101
test,528464,2,178,0,51,0,0,0
test,528465,0,57,170,125,223,139,171
idle,529807,1,88,0,0,0,0,65
idle,529808,2,160,105,0,0,0,66
idle,529808,0,129,177,126,211,150,177
idle,529808,1,140,97,54,86,0,0
idle,529809,0,64,187,126,211,121,197
idle,529811,1,69,89,0,0,50,0
idle,529814,0,0,212,126,211,104,199
idle,529817,1,75,97,0,0,51,0
idle,529820,0,50,127,126,211,79,197
idle,529824,1,115,75,0,0,0,0
idle,529825,0,83,147,126,212,80,166
idle,529829,1,97,67,66,0,0,0
idle,529832,0,139,171,140,213,113,94
idle,529835,1,91,50,0,0,0,0
idle,529837,0,75,171,154,213,124,0
idle,529840,1,129,57,58,0,0,107
idle,529843,0,0,99,161,213,135,59
idle,529846,1,112,71,58,83,0,88
idle,529849,0,0,0,161,213,135,67
idle,529852,1,97,114,58,73,0,54
idle,529855,0,0,0,161,214,145,87
idle,529858,2,177,0,0,0,0,80
idle,529860,2,167,0,0,0,0,53
idle,529863,2,168,0,0,0,0,61
idle,529866,2,165,0,0,0,0,0
idle,529868,2,172,88,0,0,0,61
idle,529871,2,156,63,0,0,0,67
idle,529873,2,161,0,0,0,0,0
idle,529876,2,170,0,0,0,0,0
idle,529879,2,160,63,0,0,50,0
idle,529883,1,51,90,50,0,0,57
idle,529884,2,155,0,0,0,0,51
idle,529886,0,99,108,161,218,171,66
idle,529890,1,94,0,50,52,0,0
idle,529892,2,171,0,0,0,0,0
idle,529896,0,121,96,161,218,183,0
idle,529898,1,85,64,0,78,0,0
idle,529901,2,165,0,58,0,0,0
idle,529903,0,0,82,162,218,194,0
idle,529906,1,68,74,92,78,0,0
idle,529909,0,0,70,149,219,188,0
idle,529912,1,84,0,0,81,0,75
idle,529915,0,0,0,84,188,179,66
idle,529917,1,94,101,0,92,0,78
idle,529920,0,87,110,74,187,170,73
idle,529923,1,62,57,0,88,0,80
idle,529926,0,169,92,74,191,164,79
idle,529929,1,79,0,51,0,0,54
idle,529931,0,0,60,68,199,141,83
idle,529935,1,115,51,0,0,0,0
idle,529937,0,0,52,0,199,141,70
idle,529944,2,165,0,59,0,54,57
idle,529945,2,173,58,0,0,0,0
idle,529945,2,168,64,59,0,0,0
idle,529948,2,162,0,0,0,0,0
idle,529950,2,168,0,59,0,54,0
idle,529953,2,177,119,59,0,61,58
idle,529956,1,68,0,51,0,0,0
idle,529959,2,154,0,59,0,0,0
idle,529961,0,0,0,0,225,150,0
idle,529964,1,75,0,52,0,0,0
idle,529966,2,170,0,0,0,0,0
idle,529969,0,74,99,0,233,172,53
idle,529972,1,94,89,52,0,0,56
idle,529988,2,162,0,57,0,0,0
idle,530263,0,142,93,0,240,190,50
idle,530264,1,94,0,52,0,0,66
idle,530264,2,167,87,56,0,0,51
idle,530264,0,0,55,0,240,190,75
idle,530265,1,57,0,52,61,0,55
idle,530266,2,184,52,56,0,0,0
idle,530269,0,0,0,0,240,190,91
idle,530272,1,104,0,62,0,0,0
idle,530274,2,163,52,56,0,0,0
idle,530277,0,53,0,0,242,175,80
idle,530280,1,88,84,83,0,0,0
idle,530283,2,180,0,0,0,0,0
idle,530287,0,70,84,0,242,176,84
idle,530513,1,66,88,0,0,0,0
idle,530514,2,167,0,0,0,0,0
idle,530514,0,161,129,0,242,180,59
idle,530515,1,83,88,51,0,0,0
idle,530515,0,109,53,0,242,219,0
idle,530516,1,104,0,0,0,0,0
idle,530519,0,0,0,0,242,209,0
idle,530763,1,78,54,0,0,0,78
idle,530763,0,55,0,0,242,127,0
idle,530764,1,79,55,0,0,0,0
idle,530764,0,57,0,0,242,91,0
idle,530765,1,125,59,53,80,0,0
idle,530766,0,132,122,0,245,77,75
idle,530769,1,101,90,60,0,0,0
idle,530772,0,161,63,0,247,54,84
idle,530800,1,79,99,58,0,0,51
idle,531014,0,0,0,0,51,53,67
idle,531015,1,94,58,61,73,0,0
idle,531015,0,0,0,0,0,0,0
idle,531016,1,101,59,55,73,0,0
idle,531016,0,0,0,0,0,0,0
idle,531016,1,56,71,0,73,0,61
idle,531265,0,71,117,0,0,74,0
idle,531266,1,85,61,63,73,0,72
idle,531266,0,143,89,0,0,116,0
idle,531267,1,113,61,65,96,0,69
idle,531267,0,0,74,0,0,135,61
idle,531269,1,119,115,61,0,0,0
idle,531271,0,0,66,0,0,88,79
idle,531376,1,0,0,50,0,0,56
idle,531377,0,0,0,0,0,0,66
idle,531377,1,104,0,50,0,0,59
idle,531378,2,185,123,0,0,0,73
idle,531378,2,175,54,0,0,57,0
idle,531378,2,168,52,0,0,0,0
idle,531381,2,175,0,66,0,0,0
idle,531383,2,168,109,50,0,0,52
idle,531386,2,164,55,50,0,0,85
idle,531389,2,154,58,0,0,0,0
idle,531392,2,160,0,0,0,0,0
idle,531394,2,174,0,52,0,0,0
idle,531397,2,160,121,0,0,0,0
idle,531399,2,163,58,64,0,0,0
idle,531402,2,169,0,0,0,0,0
idle,531405,2,164,0,63,0,0,0
idle,531407,2,163,92,57,0,0,0
idle,531410,2,158,53,67,0,0,0
idle,531413,0,50,96,0,0,0,60
idle,531513,1,89,80,51,50,0,0
idle,531513,2,157,64,0,0,0,0
idle,531514,0,168,127,0,0,0,0
idle,531514,1,81,69,69,58,0,0
idle,531763,0,79,68,0,0,0,0
idle,531763,1,77,53,50,0,0,84
idle,531764,0,0,59,0,0,0,0
idle,531764,1,121,101,50,68,0,80
idle,531765,0,0,0,0,0,0,0
idle,531765,1,61,0,50,85,0,55
idle,531768,0,51,64,0,0,0,59
idle,531781,1,88,0,0,0,0,61
idle,532014,0,147,166,0,0,0,62
idle,532014,1,107,66,73,57,0,0
idle,532015,0,129,72,0,0,0,63
idle,532015,1,68,85,57,62,0,0
idle,532015,0,0,60,0,0,0,0
idle,532016,1,75,64,57,65,52,0
idle,532020,2,154,0,66,0,0,0
idle,532022,2,161,0,56,0,0,0
idle,532025,2,166,52,58,0,55,0
idle,532027,2,155,0,64,0,0,59
idle,532031,2,155,0,0,0,0,0
idle,532032,2,168,0,53,0,0,0
idle,532035,2,177,87,0,0,0,0
idle,532038,2,155,0,59,0,0,51
idle,532040,0,0,0,0,68,0,0
idle,532060,1,83,63,57,69,59,108
idle,532264,2,168,0,50,0,0,55
idle,532265,0,0,0,0,0,0,0
idle,532265,1,95,0,60,75,56,96
idle,532265,2,169,0,50,0,0,0
idle,532266,0,94,129,0,63,62,0
idle,532267,1,78,0,0,80,0,66
idle,532269,2,164,92,50,0,0,51
idle,532272,0,136,103,0,58,65,81
idle,532437,1,107,68,78,0,0,0
idle,532437,2,178,0,51,0,0,0
idle,532437,0,0,59,0,0,50,83
idle,532438,1,98,79,78,0,0,0
idle,532438,2,174,54,0,0,0,0
idle,532439,0,0,0,0,0,0,74
idle,532441,1,82,82,57,0,0,0
idle,532446,2,179,0,53,0,0,0
idle,532513,0,0,0,0,0,0,0
idle,532513,1,66,69,60,0,0,0
idle,532514,2,156,0,58,0,0,0
idle,532763,0,96,122,0,195,0,0
idle,532763,1,106,0,57,0,0,0
idle,532764,2,165,101,58,0,0,59
idle,532764,0,134,88,0,204,67,0
idle,532765,1,81,82,0,0,0,78
idle,532766,2,178,0,60,0,0,0
idle,532769,0,0,0,105,119,0,99
idle,532771,1,86,64,67,65,0,59
idle,532774,2,160,0,0,0,0,0
idle,532777,0,0,0,197,0,0,174
idle,532782,1,104,54,67,0,0,0
idle,533013,2,175,0,53,0,0,0
idle,533013,0,52,0,248,0,0,170
idle,533014,1,86,99,50,0,0,0
idle,533014,2,170,93,53,0,0,0
idle,533014,0,84,97,246,0,0,106
idle,533016,1,70,61,50,0,0,0
idle,533018,2,166,0,0,0,0,0
idle,533021,0,163,117,233,0,0,105
idle,533024,1,92,0,50,0,0,0
idle,533026,2,155,0,0,0,0,0
idle,533265,0,58,66,161,133,0,96
idle,533265,1,94,53,0,0,0,0
idle,533266,0,0,50,52,204,119,55
idle,533266,1,62,72,65,0,0,78
idle,533267,0,56,0,0,177,184,0
idle,533268,1,85,56,67,55,0,66
idle,533271,0,66,0,0,182,121,0
idle,533274,1,108,84,57,61,0,67
idle,533306,0,148,130,0,208,63,69
idle,533513,1,114,64,57,0,0,62
idle,533513,0,107,0,56,229,0,72
idle,533514,1,61,0,57,0,0,59
idle,533514,0,0,0,55,74,0,66
idle,533514,1,105,0,0,0,0,0
idle,533763,0,0,0,81,0,0,71
idle,533763,1,70,91,82,0,0,0
idle,533764,0,0,0,82,0,0,0
idle,533764,1,81,0,68,0,0,51
idle,533764,0,110,125,0,0,0,0
idle,533765,1,82,61,0,0,0,57
idle,533768,0,133,78,0,0,0,0
idle,533770,1,122,54,58,73,0,0
idle,534014,0,0,52,0,0,0,0
idle,534014,1,71,0,50,63,0,52
idle,534015,0,0,0,0,110,0,57
idle,534015,1,97,0,0,0,0,68
idle,534016,0,0,0,0,85,0,76
idle,534016,1,96,67,90,0,0,0
idle,534019,0,72,86,0,0,0,77
idle,534033,1,65,79,84,0,0,0
idle,534051,2,172,0,0,0,0,0
idle,534052,2,170,0,0,0,57,0
idle,534052,2,165,68,0,0,0,54
idle,534052,2,179,0,62,0,0,0
idle,534053,2,184,0,0,0,0,0
idle,534053,2,155,0,52,0,0,58
idle,534056,2,161,64,0,0,0,0
idle,534059,2,161,55,0,0,0,0
idle,534061,2,165,0,50,0,51,0
idle,534064,2,155,0,60,0,0,0
idle,534066,2,160,53,60,0,57,64
idle,534069,2,167,0,63,0,0,0
idle,534072,2,155,0,0,0,0,0
idle,534074,2,175,0,0,0,0,0
idle,534077,2,161,0,0,0,0,58
idle,534081,0,130,104,0,0,0,59
idle,534263,1,83,91,64,0,0,0
idle,534264,2,159,71,0,0,0,0
idle,534264,0,0,54,0,0,0,0
idle,534264,1,110,52,0,0,63,82
idle,534265,2,158,0,0,0,0,0
idle,534265,0,0,0,0,0,0,0
idle,534268,1,85,54,0,60,63,78
idle,534271,2,159,0,0,0,0,0
idle,534517,0,0,0,0,0,57,0
idle,534517,1,74,0,0,77,0,67
idle,534518,0,63,0,0,0,72,61
idle,534518,1,120,70,87,0,0,69
idle,534518,0,125,119,0,0,65,74
idle,534519,1,84,74,71,0,0,0
idle,534522,0,76,73,0,73,0,73
idle,534527,1,102,107,0,0,0,0
idle,534763,0,0,0,62,55,0,67
idle,534763,1,75,0,0,64,0,0
idle,534764,0,56,0,54,0,0,67
idle,534764,1,98,0,0,71,0,66
idle,534764,0,61,0,0,0,0,0
idle,534765,1,55,74,0,71,0,79
idle,534861,0,126,106,0,0,0,0
idle,534862,1,71,71,76,94,0,61
idle,534862,0,111,59,0,0,0,0
idle,534863,2,167,0,0,0,0,0
idle,534865,2,159,90,0,0,0,0
idle,534865,2,156,0,75,0,0,0
idle,534866,2,162,0,0,0,0,0
idle,534870,2,174,0,68,0,0,0
idle,534872,2,153,76,68,0,0,0
idle,534875,2,168,53,64,0,0,52
idle,534877,2,160,0,57,0,0,0
idle,534880,1,108,54,64,52,0,0
idle,535038,0,0,59,0,0,0,0
idle,535038,2,161,0,66,0,0,50
idle,535039,1,111,96,64,0,0,0
idle,535039,0,0,54,0,0,53,63
idle,535039,2,178,0,64,0,0,51
idle,535040,1,65,0,0,0,0,0
idle,535081,0,0,0,0,0,0,60
idle,535081,2,184,57,64,0,0,0
idle,535118,1,75,0,0,0,0,0
idle,535313,0,84,106,0,0,0,58
idle,535313,2,171,0,64,0,0,0
idle,535314,1,104,81,81,0,0,83
idle,535314,0,128,82,0,0,0,0
idle,535314,2,163,0,0,0,0,0
idle,535315,1,67,70,78,65,0,77
idle,535318,0,0,0,0,0,0,0
idle,535320,2,173,0,0,0,0,61
idle,535323,1,89,71,79,66,0,0
idle,535588,0,0,51,0,0,53,0
idle,535588,2,178,75,0,0,0,0
idle,535589,1,110,60,64,56,0,0
idle,535589,0,0,0,0,0,0,56
idle,535589,2,145,0,0,0,0,0
idle,535590,1,72,0,53,0,0,0
idle,535593,0,74,73,0,0,0,80
idle,535595,2,178,52,50,0,0,0
idle,535598,1,70,0,0,0,0,0
idle,535600,0,140,96,0,0,0,70
idle,535603,2,164,0,50,0,0,0
idle,535606,1,118,56,82,0,0,0
idle,535621,0,60,66,0,0,0,60
idle,535863,2,170,0,50,0,0,0
idle,535863,1,76,86,59,0,0,0
idle,535864,0,0,0,0,0,0,0
idle,535864,1,77,72,0,0,0,85
idle,535864,0,0,0,0,0,0,0
idle,535865,1,99,60,0,0,0,0
idle,535867,0,60,0,0,0,53,0
idle,535870,1,111,0,0,0,0,0
idle,536138,0,117,97,0,0,85,57
idle,536138,1,62,0,0,0,0,0
idle,536139,0,95,66,0,0,0,69
idle,536139,1,104,64,74,0,0,52
idle,536139,0,0,0,0,0,0,76
idle,536140,1,89,81,64,0,0,0
idle,536143,0,0,0,0,0,0,77
idle,536147,1,110,107,64,0,0,0
idle,536413,0,63,0,0,0,0,68
idle,536413,1,82,0,0,0,0,57
idle,536414,0,79,95,0,0,0,0
idle,536414,1,113,0,0,0,0,76
idle,536414,0,100,102,0,0,0,0
idle,536415,1,93,63,0,82,0,50
idle,536418,0,0,66,0,0,0,0
idle,536649,1,72,50,67,0,0,0
idle,536649,0,0,0,0,0,0,52
idle,536650,1,113,69,64,0,0,51
idle,536650,0,50,0,0,0,0,61
idle,536651,1,86,124,64,0,0,0
idle,536651,0,89,95,0,0,0,71
idle,536654,1,84,54,64,0,0,0
idle,536656,2,154,57,50,0,50,0
idle,536659,2,163,0,0,0,0,0
idle,536662,2,178,0,53,0,0,0
idle,536664,2,153,0,53,0,0,51
idle,536667,2,165,78,53,0,0,0
idle,536670,2,166,0,54,0,0,0
idle,536673,2,158,64,0,0,0,0
idle,536675,2,149,0,0,0,0,0
idle,536677,2,154,72,0,0,0,65
idle,536681,2,169,56,0,0,52,0
idle,536683,2,155,0,0,0,0,0
idle,536685,2,169,0,0,0,0,0
idle,536688,2,169,0,0,0,0,0
idle,536690,2,157,80,0,0,0,0
idle,536694,0,151,76,0,0,0,67
idle,536696,2,166,0,0,0,0,0
idle,536963,1,66,52,66,0,0,0
idle,536963,0,60,0,0,0,0,66
idle,536963,2,163,55,0,0,0,0
idle,536964,1,106,58,0,0,0,81
idle,536964,0,0,0,0,0,0,0
idle,536965,2,165,0,52,0,52,68
idle,536967,1,74,78,55,95,0,76
idle,536970,0,0,0,0,0,0,0
idle,536973,2,158,77,0,0,0,0
idle,536975,1,85,79,73,86,0,62
idle,536978,0,67,0,0,0,55,0
idle,536981,2,168,67,51,0,0,0
idle,536985,1,98,91,71,0,0,52
idle,537175,0,138,107,0,0,55,57
idle,537176,2,160,0,52,0,0,0
idle,537176,1,93,52,54,0,0,0
idle,537178,0,84,62,0,0,0,79
idle,537178,2,153,0,0,0,0,53
idle,537179,1,73,0,0,59,0,0
idle,537180,0,0,0,0,0,0,82
idle,537183,2,169,64,0,0,0,0
idle,537196,1,103,0,0,59,0,0
idle,537238,0,0,0,0,0,0,59
idle,537513,1,109,80,69,68,0,101
idle,537513,0,0,0,0,0,0,65
idle,537514,1,90,93,69,88,0,89
idle,537514,0,95,85,0,0,0,0
idle,537515,1,87,96,59,88,0,0
idle,537516,0,89,85,0,0,0,0
idle,537518,1,108,0,58,0,0,50
idle,537521,0,0,51,0,0,0,0
idle,537681,1,97,0,61,0,0,0
idle,537681,0,0,51,0,0,0,0
idle,537682,1,78,0,0,0,0,0
decidePlayerState.  isPlayer? A0=0
Settings. state=GOODJOB. isPlayer? A0=0 A1=0 A2=1. areCoord? A01=0 A12=0 A20=1
decideCoordination.  areCoordinated? P2=0
Settings. state=GOODJOB. isPlayer? A0=0 A1=0 A2=1. areCoord? A01=0 A12=0 A20=0
State change.Settings. state=GOODNUF. isPlayer? A0=0 A1=0 A2=1. areCoord? A01=0 A12=0 A20=0
idle,537706,2,162,79,0,0,0,0
idle,537709,2,165,0,0,0,0,0
idle,537711,2,159,0,0,0,0,0
idle,537714,2,165,0,0,0,0,0
idle,537717,2,182,55,0,0,0,0
idle,537719,2,146,0,0,0,0,0
idle,537721,2,160,0,0,0,0,0
idle,537737,0,0,0,0,0,50,55
idle,537738,1,102,52,67,0,0,0
idle,537740,2,169,0,0,0,0,0
idle,537787,0,96,126,0,0,0,74
idle,537788,1,77,77,64,0,0,67
idle,538063,2,168,78,0,0,0,0
idle,538063,0,92,88,0,0,0,76
idle,538063,1,80,67,0,0,0,57
idle,538064,2,155,76,0,0,0,0
idle,538064,0,52,67,0,0,0,65
idle,538065,1,95,0,53,66,0,52
idle,538068,2,152,0,0,0,0,0
idle,538070,0,0,0,0,0,0,0
idle,538073,1,102,58,61,53,0,52
idle,538075,2,165,0,0,0,0,0
idle,538078,0,0,0,0,0,0,0
idle,538081,1,75,0,0,0,0,52
idle,538084,2,149,0,57,0,0,51
idle,538363,0,86,119,0,0,0,0
idle,538363,1,107,71,66,0,0,0
idle,538363,2,170,0,57,0,51,0
idle,538364,0,132,88,0,0,0,0
idle,538364,1,104,78,51,0,0,0
idle,538365,2,175,0,57,0,51,0
idle,538368,0,65,0,0,0,0,80
idle,538370,1,105,109,53,0,0,0
idle,538373,0,0,0,0,0,0,66
idle,538376,1,57,0,53,58,0,0
idle,538639,0,52,0,0,0,0,65
idle,538639,1,104,0,0,66,0,55
idle,538639,0,69,60,0,0,0,0
idle,538640,1,85,73,0,72,0,55
idle,538640,0,149,81,0,0,0,0
idle,538641,1,89,75,52,0,0,55
idle,538644,0,89,0,0,0,0,0
idle,538646,1,90,82,52,0,0,56
idle,538665,0,0,0,0,0,54,0
idle,538912,1,113,103,0,0,0,0
idle,538913,0,0,0,0,0,63,76
idle,538913,1,57,0,58,0,0,0
idle,538914,0,0,0,0,0,58,68
idle,538914,1,78,0,0,0,0,63
idle,538915,0,103,95,0,0,0,68
idle,538917,1,114,53,0,73,0,0
idle,539188,0,87,81,0,0,0,0
idle,539188,1,75,68,69,110,0,0
idle,539189,0,0,51,0,0,0,0
idle,539189,1,60,83,71,0,0,0
idle,539189,0,0,0,0,0,56,0
idle,539190,1,104,77,52,0,0,0
idle,539193,0,0,0,0,0,65,59
idle,539195,1,90,0,52,0,0,0
idle,539225,0,58,112,0,0,50,69
idle,539276,1,70,0,0,0,0,0
idle,539277,2,168,0,0,0,53,0
idle,539277,2,166,0,0,0,0,69
idle,539277,2,161,54,0,0,0,0
idle,539278,2,181,62,0,0,0,0
idle,539278,2,167,0,0,0,0,0
idle,539280,2,172,0,0,0,0,57
idle,539283,2,179,0,50,0,0,56
idle,539286,2,161,52,50,0,0,0
idle,539288,2,179,0,53,0,51,0
idle,539291,2,165,51,0,0,0,0
idle,539294,2,155,0,0,0,0,81
idle,539296,2,166,0,0,0,0,0
idle,539299,2,166,65,0,0,0,0
idle,539302,2,162,0,50,0,0,0
idle,539304,2,155,0,50,0,0,63
idle,539307,0,94,103,0,0,0,80
idle,539309,1,107,50,65,0,64,79
idle,539462,2,170,0,50,0,0,0
idle,539463,0,0,0,0,0,0,73
idle,539463,1,75,72,66,53,64,81
idle,539464,2,155,65,50,0,0,0
idle,539464,0,0,0,0,0,0,73
idle,539465,1,88,81,66,75,0,54
idle,539740,0,0,0,0,0,0,0
idle,539740,1,82,62,0,0,0,0
idle,539741,0,71,96,0,0,0,0
idle,539741,1,94,0,51,0,0,0
idle,539742,0,129,117,0,0,0,0
idle,539742,1,93,61,0,0,0,0
idle,539744,0,85,0,0,0,0,0
idle,539747,1,96,0,0,0,56,0
idle,539784,0,0,0,0,0,0,55
idle,539989,1,90,92,57,0,58,50
idle,539989,0,0,0,0,0,0,60
idle,539990,1,74,110,59,0,0,101
idle,539990,0,54,0,0,0,0,57
idle,539991,1,93,66,61,66,0,61
idle,539991,2,154,0,0,0,0,0
idle,539994,2,176,0,0,0,0,54
idle,539996,2,158,0,64,0,0,0
idle,540001,2,159,60,64,0,0,0
idle,540002,2,155,0,64,0,0,0
idle,540004,2,168,79,0,0,53,62
idle,540007,2,156,0,73,0,0,63
idle,540010,2,168,65,52,0,52,0
idle,540013,0,99,86,0,0,0,0
idle,540015,1,119,50,61,77,0,0
idle,540057,2,156,64,0,0,0,0
idle,540289,0,97,63,0,0,0,0
idle,540289,1,89,62,0,0,0,0
idle,540290,2,149,0,54,0,0,60
idle,540290,0,0,52,0,0,0,0
idle,540291,1,78,0,0,0,0,0
idle,540291,2,166,0,0,0,0,69
idle,540293,0,0,0,0,0,0,0
idle,540296,1,86,77,57,67,0,0
idle,540298,2,162,0,64,0,0,0
idle,540301,0,0,0,0,0,0,0
idle,540306,1,90,113,57,67,0,0
idle,540490,2,163,76,57,0,0,0
idle,540492,0,73,86,0,0,0,72
idle,540493,1,57,0,0,69,0,77
idle,540493,2,177,0,57,0,0,0
idle,540494,0,118,95,0,0,0,73
idle,540494,1,82,68,53,83,0,84
idle,540496,2,177,0,0,0,0,79
idle,540498,0,0,52,0,0,0,0
idle,540518,1,83,65,0,87,0,69
a0,541626,2,175,0,0,0,0,53
a0,541627,0,0,0,0,0,0,0
a0,541627,1,83,76,84,0,0,0
a0,541627,0,0,0,0,0,0,0
a0,541628,2,153,64,0,0,0,0
a0,541628,1,92,82,57,0,0,0
a0,541630,2,175,57,0,0,0,0
a0,541632,0,58,59,0,0,0,0
a0,541634,1,96,87,0,0,0,0
a0,541637,2,168,0,53,0,0,66
a0,541640,0,122,114,0,0,0,0
a0,541642,1,83,0,0,0,0,0
a0,541644,2,164,0,0,0,0,70
a0,541646,0,76,75,0,0,0,0
a0,541649,1,0,0,0,0,0,0
a0,541651,0,0,55,0,0,0,64
a0,541653,1,95,0,0,0,0,60
a0,541655,0,0,0,0,0,0,69
a0,541658,1,99,64,72,86,0,61
a0,541660,0,52,62,0,0,0,67
a0,541663,1,86,90,71,0,0,69
a0,541666,0,103,140,0,0,0,0
a0,541668,1,82,76,50,0,0,76
a0,541670,0,119,61,0,0,0,0
a0,541673,1,105,0,52,0,0,0
a0,541675,0,0,0,0,0,0,0
a0,541677,1,74,0,62,0,0,0
a0,541680,0,0,0,0,0,51,0
a0,541682,1,71,0,0,0,0,0
a0,541684,0,0,0,0,0,60,56
a0,541687,1,101,78,52,0,0,58
a0,541689,0,61,101,0,0,63,66
a0,541692,1,69,100,50,75,0,58
a0,541694,0,120,88,0,0,0,73
a0,541697,1,82,93,59,70,0,63
a0,541700,0,0,0,0,0,0,67
a0,541702,1,112,0,58,0,0,66
a0,541704,0,0,0,0,0,0,0
a0,541711,1,101,89,57,0,0,0
a0,541878,0,0,0,0,0,0,0
a0,541879,1,62,58,0,52,0,0
a0,541879,0,0,53,0,0,64,0
a0,541880,1,123,77,62,58,0,0
a0,541880,2,171,0,0,0,0,0
a0,541880,2,161,74,0,0,0,0
a0,541882,2,183,0,0,0,0,0
a0,541884,2,164,0,0,0,0,66
a0,541887,2,167,0,63,0,0,0
a0,541889,2,170,0,57,0,0,0
a0,541891,2,163,99,0,0,0,52
a0,541894,2,154,0,0,0,0,70
a0,541896,2,157,0,57,0,0,63
a0,541899,2,167,0,57,0,0,0
a0,541902,2,162,68,57,0,0,0
a0,541904,2,155,0,87,0,53,0
a0,541906,2,170,0,50,0,0,0
a0,541909,2,152,0,63,0,52,0
a0,541911,2,163,87,0,0,0,0
a0,541914,0,134,88,0,0,56,0
a0,541937,1,92,100,57,58,0,76
a0,542223,2,167,59,0,0,0,52
a0,542224,0,53,0,0,0,56,0
a0,542224,1,81,102,60,84,0,75
a0,542224,0,0,0,0,0,0,65
a0,542225,1,60,69,51,105,0,55
a0,542225,0,0,0,0,0,0,66
a0,542227,1,112,0,0,0,0,0
a0,542230,0,0,57,0,0,0,66
a0,542232,1,76,72,0,59,0,0
a0,542241,0,128,124,0,0,0,0
a0,542490,1,85,58,74,75,55,0
a0,542490,0,104,59,0,0,0,0
a0,542490,1,101,86,0,76,55,0
a0,542491,0,0,59,0,0,0,0
a0,542491,1,112,91,0,76,0,108
a0,542492,0,51,0,0,0,0,52
a0,542494,1,67,0,0,76,0,83
a0,542550,0,60,0,0,0,0,80
a0,542551,1,81,0,0,103,0,0
a0,542551,2,166,63,0,0,0,57
a0,542552,2,164,0,0,0,0,0
a0,542553,2,168,73,0,0,0,0
a0,542553,2,177,72,0,0,0,0
a0,542556,2,166,0,0,0,0,0
a0,542557,2,170,0,0,0,0,50
a0,542559,2,162,82,0,0,0,0
a0,542561,2,175,92,0,0,0,0
a0,542599,0,112,115,0,0,0,67
a0,542762,1,77,57,60,0,0,0
a0,542763,2,154,0,60,0,0,51
a0,542763,0,122,57,0,0,0,66
a0,542764,1,68,77,86,0,0,0
a0,542764,2,177,0,0,0,0,0
a0,542764,0,0,0,0,0,0,0
a0,542766,1,74,81,0,70,0,0
a0,542768,2,157,0,0,0,0,0
a0,542968,0,0,50,0,0,0,0
a0,542968,1,123,59,0,63,0,0
a0,542969,2,161,72,0,0,0,0
a0,542969,0,0,0,0,0,60,0
a0,542970,1,116,0,0,63,0,76
a0,542970,2,175,0,66,0,0,0
a0,543037,2,162,53,56,0,0,0
a0,543037,0,98,82,0,0,0,0
a0,543038,1,69,0,0,68,0,61
a0,543288,2,170,0,58,0,0,0
a0,543288,0,132,51,0,0,0,74
a0,543289,1,104,0,64,117,0,52
a0,543289,2,168,84,58,0,0,0
a0,543289,0,0,54,0,0,0,66
a0,543290,1,72,84,72,0,0,53
a0,543292,2,178,95,58,0,0,0
a0,543295,0,0,54,0,0,0,67
a0,543297,1,61,96,0,0,0,58
a0,543299,2,172,0,0,0,0,51
a0,543302,0,0,0,0,0,0,0
a0,543304,1,84,84,0,53,0,0
a0,543320,2,162,0,64,0,0,50
a0,543562,0,64,88,0,0,0,0
a0,543563,1,104,77,0,53,0,0
a0,543563,2,181,62,64,0,0,0
a0,543563,0,151,89,0,0,0,0
a0,543564,1,76,60,0,53,0,53
a0,543564,2,162,86,64,0,0,0
a0,543566,0,0,52,0,0,0,0
a0,543568,1,101,0,0,53,0,89
a0,543571,0,0,0,0,0,0,64
a0,543573,1,104,76,0,71,0,77
State change.Settings. state=OHAI. isPlayer? A0=0 A1=0 A2=1. areCoord? A01=0 A12=0 A20=0
a0,543702,0,65,0,0,0,0,80
a0,543703,1,76,91,0,99,0,61
a0,543703,0,151,0,0,0,0,63
a0,543704,1,68,65,58,0,0,62
a0,543713,2,170,0,93,0,0,62
a0,543713,2,157,53,59,0,0,70
a0,543714,2,147,0,57,0,56,0
a0,543812,2,165,85,63,0,0,0
a0,543813,0,193,124,0,0,0,52
a0,543813,1,112,63,58,0,0,0
a0,543814,2,160,88,67,0,0,60
a0,544087,0,176,0,0,0,0,0
a0,544088,1,98,74,0,0,0,0
a0,544088,2,168,0,0,0,52,69
a0,544089,0,75,0,0,0,0,60
a0,544089,1,69,0,57,0,0,0
a0,544089,0,176,124,0,0,74,0
a0,544091,1,108,55,88,0,0,77
a0,544094,2,164,0,60,0,0,0
a0,544096,0,186,218,0,0,0,106
a0,544099,1,78,89,50,0,0,81
a0,544103,1,93,83,50,88,0,75
a0,544337,0,187,294,0,0,0,173
a0,544338,0,195,350,0,0,0,229
a0,544338,1,79,0,0,0,0,56
a0,544338,0,120,365,0,0,0,285
a0,544339,1,115,0,0,0,0,0
a0,544339,0,407,169,51,0,0,202
a0,544342,1,60,73,59,0,0,0
a0,544587,0,447,56,70,0,296,83
a0,544588,1,80,90,59,0,0,0
a0,544588,0,287,136,89,0,128,0
a0,544589,1,98,85,57,52,0,0
a0,544589,0,272,143,97,377,0,0
a0,544590,1,111,84,57,53,0,95
a0,544593,0,281,143,429,102,0,0
a0,544596,1,0,53,57,78,0,83
a0,544656,0,299,161,509,0,60,50
a0,544837,1,105,0,0,55,0,54
a0,544838,0,308,143,536,0,62,61
a0,544838,1,95,73,0,0,0,57
a0,544838,0,306,198,358,118,0,74
a0,544839,1,77,78,0,0,0,0
a0,544949,0,298,205,184,294,0,68
a0,544950,1,84,76,52,0,0,0
a0,544951,0,262,250,255,66,185,0
a0,544951,1,117,74,59,0,0,0
a0,544952,2,167,77,60,0,0,0
a0,544952,2,154,50,57,0,0,0
a0,544955,2,155,0,57,0,0,77
a0,544957,2,164,0,0,0,0,0
a0,544959,2,170,0,0,0,0,0
a0,544962,2,169,56,0,0,0,0
a0,544964,2,178,0,0,0,0,54
a0,544967,2,148,58,0,0,58,73
a0,544969,2,169,0,0,0,0,0
a0,544972,2,165,0,0,0,0,0
a0,544974,2,162,80,0,0,0,66
a0,544977,2,146,0,0,0,0,67
a0,544979,2,161,0,58,0,0,0
a0,544983,2,163,0,58,0,0,0
a0,545090,0,163,336,405,0,228,57
a0,545091,1,89,50,58,0,0,111
a0,545091,2,163,66,0,0,0,0
a0,545092,0,206,369,457,0,107,310
a0,545092,1,86,50,0,0,0,65
a0,545145,0,210,389,461,0,79,377
a0,545338,1,108,61,55,118,0,53
a0,545338,0,257,395,226,0,77,310
a0,545339,1,85,72,60,0,0,53
a0,545339,0,321,350,161,0,236,118
a0,545340,1,60,73,64,0,0,54
a0,545572,0,354,252,154,0,359,89
a0,545573,1,79,51,0,62,0,50
a0,545573,0,434,179,154,0,90,54
a0,545574,1,102,0,53,62,0,0
a0,545574,1,54,0,0,62,0,61
a0,545575,0,548,132,153,406,0,0
decidePlayerState.  isPlayer? A0=1
Settings. state=OHAI. isPlayer? A0=1 A1=0 A2=1. areCoord? A01=0 A12=0 A20=0
a0,545589,2,176,0,0,0,0,0
a0,545590,2,159,0,0,0,0,0
a0,545592,2,169,67,0,0,0,0
a0,545595,2,155,59,0,0,0,0
a0,545597,2,176,50,52,0,0,0
a0,545599,2,161,0,0,0,0,56
a0,545603,2,167,0,0,0,0,0
a0,545604,0,314,145,183,326,62,0
a0,545609,2,187,50,0,0,0,0
a0,545866,1,87,67,75,79,0,77
a0,545866,0,163,149,491,61,54,0
a0,545867,2,166,64,0,0,0,51
a0,545867,1,78,92,65,112,0,58
a0,545867,0,61,150,504,0,0,0
a0,545868,2,171,0,0,0,0,54
a0,545871,1,88,78,65,0,0,53
a0,545873,0,178,129,551,0,0,80
a0,545876,2,176,0,0,0,0,0
a0,545879,1,87,0,69,52,0,53
a0,545885,0,403,85,325,197,0,52
a0,545885,2,188,71,0,0,0,0
a0,546114,1,113,152,80,64,0,0
a0,546115,0,430,139,166,451,0,0
a0,546115,2,176,0,0,0,0,0
a0,546115,1,77,226,156,68,0,0
a0,546116,0,390,301,147,277,0,0
a0,546117,2,162,0,0,0,0,0
a0,546119,1,132,242,228,68,0,71
a0,546122,0,230,452,147,0,319,0
a0,546125,2,176,0,0,0,0,0
a0,546127,1,100,251,235,70,0,0
a0,546362,0,182,445,233,0,428,0
a0,546363,2,166,0,0,0,0,0
a0,546363,1,94,251,235,147,0,0
a0,546364,0,178,425,422,0,147,291
a0,546364,1,61,244,287,177,0,52
a0,546365,0,161,424,401,0,0,460
a0,546368,1,97,230,375,191,0,52
a0,546371,0,229,423,238,0,0,555
a0,546377,1,83,229,385,220,0,0
a0,546612,0,191,425,150,0,0,527
a0,546612,1,88,229,385,234,135,0
a0,546613,0,272,441,140,0,312,216
a0,546613,1,80,220,362,245,186,151
a0,546614,0,301,601,138,0,584,58
a0,546616,1,112,194,348,251,198,195
a01,547778,0,301,461,138,149,313,0
a01,547779,1,76,137,336,254,208,216
a01,547779,0,581,216,138,540,119,0
a01,547779,1,66,79,271,255,213,210
a01,547780,0,626,165,177,377,53,65
a01,547783,1,86,77,239,255,220,188
a01,547786,0,246,156,474,97,0,74
a01,547789,1,89,91,238,255,226,146
a01,547792,0,151,112,551,63,0,73
a01,547795,1,67,100,231,255,231,67
a01,547798,0,367,51,537,112,0,81
a01,547801,1,110,72,231,268,248,0
a01,547804,0,605,150,228,287,0,50
a01,547808,1,97,75,231,272,258,95
a01,547811,0,648,151,156,475,0,0
a01,547813,1,61,120,232,272,180,95
a01,547817,0,419,151,150,557,0,0
a01,547819,2,171,70,0,0,55,0
a01,547822,2,157,53,0,0,0,58
a01,547825,2,161,0,0,0,0,0
a01,547827,2,178,0,58,0,0,0
a01,547830,2,157,82,0,0,0,0
a01,547832,2,163,0,0,0,52,0
a01,547835,2,169,0,0,0,0,66
a01,547837,2,168,65,0,0,0,0
a01,547840,2,162,0,60,0,0,0
a01,547842,2,162,50,60,0,0,67
a01,547846,2,170,59,61,0,0,71
a01,547848,2,163,0,0,0,0,50
a01,547850,2,155,0,0,0,67,0
a01,547853,2,166,70,0,0,0,0
a01,547856,2,153,53,59,0,0,97
a01,547858,1,114,146,266,274,78,0
a01,547862,0,328,512,147,300,0,0
a01,547864,2,166,0,0,0,0,64
a01,547866,1,83,178,301,282,0,0
a01,547869,0,334,636,147,0,406,67
a01,547872,2,172,0,0,0,0,0
a01,547875,1,70,198,302,306,0,0
a01,547878,0,241,493,146,0,551,80
a01,547881,1,82,203,302,315,62,0
a01,547883,0,207,434,173,0,569,77
a01,547887,1,102,186,302,316,66,0
a01,547890,0,62,431,222,0,201,142
a01,547893,1,64,178,302,318,85,51
a01,547896,0,0,430,253,0,51,538
a01,547899,1,103,150,294,319,90,89
a01,547902,0,108,430,205,63,84,291
a01,547905,1,127,143,294,319,141,81
a01,547908,0,207,448,154,63,387,84
a01,547911,1,82,128,295,319,239,81
a01,547915,0,309,489,152,100,570,80
a01,547917,1,58,66,300,303,283,67
a01,547920,0,354,522,152,93,412,81
a01,547924,1,102,0,309,295,281,72
a01,547945,2,169,67,0,0,0,0
a01,547946,2,164,0,0,0,0,73
a01,547948,2,168,0,0,0,0,0
a01,547948,2,165,0,0,0,0,0
a01,547949,2,175,65,0,0,0,55
a01,547949,2,167,0,0,0,0,0
a01,547950,2,159,55,0,0,0,54
a01,547952,2,165,0,0,0,0,0
a01,547964,0,362,252,152,284,99,74
a01,548162,1,102,0,309,295,258,0
a01,548162,2,163,0,0,0,0,0
a01,548163,0,417,104,152,456,0,67
a01,548163,1,61,0,311,295,259,0
a01,548164,2,182,66,0,0,0,0
a01,548165,0,509,91,152,515,0,52
a01,548168,1,94,58,315,281,260,155
a01,548171,2,156,62,59,0,0,58
a01,548227,0,521,118,311,253,0,0
decidePlayerState.  isPlayer? A1=1
Settings. state=OHAI. isPlayer? A0=1 A1=1 A2=1. areCoord? A01=0 A12=0 A20=0
a01,548230,2,165,0,50,0,52,0
a01,548244,1,110,0,315,281,263,173
a01,548412,0,526,121,474,151,0,0
a01,548413,2,180,0,52,0,0,0
a01,548413,1,178,0,255,281,263,175
a01,548413,0,481,122,489,161,82,0
a01,548414,2,148,61,52,0,63,0
a01,548416,1,265,0,215,281,263,167
a01,548662,0,483,98,319,308,66,83
a01,548662,1,344,84,223,281,263,80
a01,548663,0,466,107,191,448,0,72
a01,548663,1,121,374,247,281,259,0
a01,548664,0,425,144,157,507,0,59
a01,548667,1,68,156,279,281,261,0
a01,548670,0,395,144,154,507,0,0
a01,548674,1,116,0,300,281,272,87
a01,548692,0,323,168,154,259,0,0
a01,548912,1,101,0,309,281,275,87
a01,548912,0,328,202,154,138,343,0
a01,548913,1,62,62,310,281,246,91
a01,548913,0,327,160,153,137,532,54
a01,548914,1,100,73,310,263,238,101
a01,548917,0,321,211,153,139,457,120
a01,549162,1,92,100,310,260,237,101
a01,549162,0,321,204,153,144,125,416
a01,549163,1,63,93,310,262,237,97
a01,549163,0,287,190,153,146,146,382
a01,549164,1,97,0,329,262,278,0
a01,549167,0,329,163,154,146,520,114
a01,549170,1,104,310,337,262,290,58
a01,549412,0,366,68,154,161,437,0
a01,549412,1,75,335,316,268,291,52
a01,549413,0,383,137,154,439,108,0
a01,549413,1,408,99,269,270,296,70
a01,549414,0,386,146,330,439,0,0
a01,549417,1,464,124,225,270,297,56
a01,549421,0,383,146,407,388,0,66
a01,549423,2,171,0,0,0,0,0
a01,549425,2,164,0,0,0,0,50
a01,549428,2,180,52,0,0,0,0
a01,549431,2,165,0,0,0,0,0
a01,549433,2,167,55,60,0,0,0
a01,549435,2,167,0,84,0,0,0
a01,549438,2,157,0,0,0,0,0
a01,549440,2,174,0,0,0,58,0
a01,549443,2,171,82,0,0,0,0
a01,549445,2,162,0,0,0,0,0
a01,549448,2,184,0,0,0,0,0
a01,549450,2,157,0,0,0,0,0
a01,549453,2,170,67,0,0,0,0
a01,549455,2,167,55,53,0,0,61
a01,549458,2,170,59,0,0,0,0
a01,549460,1,425,141,214,270,297,0
a01,549464,0,322,146,316,281,0,76
a01,549662,2,169,57,0,0,0,0
a01,549662,1,396,0,209,264,288,0
a01,549663,0,343,86,213,177,0,66
a01,549663,2,155,0,0,0,0,0
a01,549663,1,392,117,209,260,276,0
a01,549665,0,390,72,162,300,0,0
a01,549668,2,167,85,0,0,0,51
a01,549670,1,389,127,224,255,197,66
State change.Settings. state=GOODNUF. isPlayer? A0=1 A1=1 A2=1. areCoord? A01=0 A12=0 A20=0
a01,549707,0,387,125,161,317,281,0
a01,549912,1,399,91,279,254,115,238
a01,549913,2,157,64,0,0,0,57
a01,549913,0,374,125,161,189,490,0
a01,549913,2,169,0,0,0,0,0
a01,549914,1,385,101,321,273,167,309
a01,549916,0,374,125,161,180,554,0
a01,549919,2,168,0,0,0,0,0
a01,549922,1,181,504,344,290,444,338
a01,549925,0,376,113,161,180,496,67
a01,549929,2,158,76,0,0,0,0
a01,549932,1,90,179,349,315,287,347
a01,550162,0,394,0,160,180,426,81
a01,550162,1,69,81,351,325,327,329
a01,550163,0,412,136,160,173,376,60
a01,550163,1,97,0,352,322,410,260
a01,550164,0,431,140,160,177,377,52
a01,550167,1,78,62,348,302,364,52
a01,550416,0,432,140,160,177,393,0
a01,550416,1,82,498,310,288,287,94
a01,550416,0,408,137,160,177,471,0
a01,550417,1,122,367,234,262,287,79
a01,550417,0,404,0,160,177,387,0
a01,550420,1,239,97,187,260,286,63
a01,550423,0,400,99,154,177,90,62
a01,550427,1,368,71,186,260,272,144
a01,550442,0,400,129,152,177,83,70
a01,550508,1,405,0,198,260,198,213
a01,550509,2,169,55,0,0,0,65
a01,550509,2,166,65,0,0,62,0
a01,550510,2,164,52,0,0,52,0
a01,550512,2,163,60,0,0,52,68
a01,550513,2,176,0,0,0,0,60
a01,550514,2,162,0,0,0,0,54
a01,550517,2,171,52,0,0,0,0
a01,550519,2,167,0,0,0,0,61
a01,550522,0,400,129,152,177,88,81
a01,550687,1,356,50,250,260,137,225
a01,550687,2,170,85,0,0,0,68
a01,550688,0,400,129,152,177,89,74
a01,550688,1,181,109,288,253,123,178
a01,550688,2,157,68,52,0,0,0
a01,550691,0,406,98,152,177,164,0
a01,550863,1,88,0,313,253,107,178
a01,550863,2,165,0,0,0,0,53
a01,550863,0,411,62,153,177,427,0
a01,550864,1,113,0,331,253,94,142
a01,550864,2,184,0,57,0,0,52
a01,550868,0,414,110,153,164,518,0
a01,550869,1,88,51,334,253,95,116
a01,550872,2,162,81,59,0,0,57
a01,550963,0,319,110,153,164,477,57
a01,550963,1,99,0,343,286,96,58
a01,550963,2,167,0,59,0,0,0
a01,551287,0,248,110,153,159,528,58
a01,551287,1,97,52,344,287,53,52
a01,551288,0,315,84,153,158,429,68
a01,551288,1,86,99,346,287,59,53
a01,551288,0,351,0,153,144,250,69
a01,551291,1,0,0,346,281,59,0
a01,551294,0,350,113,153,96,85,53
a01,551297,1,94,0,346,274,64,0
a01,551300,0,193,113,153,73,51,0
a01,551303,1,79,66,346,274,65,62
a01,551323,0,64,113,153,0,53,0
a01,551566,1,72,0,324,288,59,80
a01,551566,0,54,102,153,0,68,0
a01,551567,1,102,57,312,288,58,62
a01,551567,0,62,0,154,0,0,66
a01,551568,1,139,107,304,288,58,55
a01,551570,0,76,114,147,0,66,68
a01,551572,1,147,0,302,274,85,0
a01,551837,0,125,118,147,0,136,66
a01,551837,1,162,0,294,268,93,0
a01,551837,0,78,124,154,0,131,0
a01,551838,1,175,0,288,266,96,0
a01,551838,0,128,124,150,0,108,0
a01,551840,1,147,59,288,253,109,0
a01,551843,0,132,0,123,0,116,0
a01,551847,1,103,65,288,247,110,71
a01,551876,0,135,105,103,80,115,0
a01,551978,1,96,84,287,231,79,79
a01,551979,0,156,130,103,149,72,121
a01,551979,1,102,0,286,231,79,62
a01,551980,2,175,0,63,0,0,58
a01,551980,2,178,0,0,0,52,67
a01,551982,2,179,54,0,0,0,57
a01,551984,2,167,57,0,0,0,53
a01,551987,2,176,0,0,0,0,51
a01,551989,2,173,0,0,0,0,50
a01,551992,2,177,0,57,0,0,0
a01,551994,2,169,100,57,0,0,0
a01,551997,2,149,0,57,0,0,0
a01,552000,2,164,0,51,0,0,0
a01,552002,2,164,0,65,0,0,0
a01,552005,2,141,57,64,0,0,0
a01,552007,2,163,56,0,0,0,59
a01,552010,2,160,66,58,0,0,0
a01,552012,2,148,58,0,0,0,0
a01,552016,0,0,119,103,210,0,205
a01,552112,1,90,65,286,231,90,61
a01,552112,2,143,0,0,0,0,61
a01,552113,0,0,88,105,216,0,174
a01,552113,1,103,55,286,231,87,0
a01,552387,2,146,97,59,0,0,0
a01,552387,0,0,0,106,218,195,61
a01,552388,1,98,0,287,231,73,0
a01,552388,2,155,57,57,0,0,54
a01,552388,0,573,0,132,219,532,0
a01,552390,1,92,83,287,231,0,0
a01,552393,2,154,0,0,0,0,0
a01,552395,0,631,87,134,204,435,0
a01,552398,1,62,0,287,242,0,60
a01,552401,2,171,0,0,0,0,0
a01,552403,0,605,88,134,204,560,54
a01,552407,1,110,0,287,245,50,79
a01,552411,2,142,87,0,0,51,52
c01,553514,0,578,88,130,203,634,0
c01,553515,1,107,59,266,245,0,81
c01,553515,2,156,0,0,0,0,52
c01,553515,0,425,73,110,173,447,0
c01,553516,1,65,62,259,254,60,106
c01,553518,2,169,0,57,0,0,0
c01,553521,0,365,0,110,173,147,52
c01,553524,1,99,0,260,285,74,131
c01,553527,0,319,95,110,172,59,61
c01,553530,1,134,100,260,283,99,244
c01,553533,0,240,75,110,203,59,0
c01,553536,1,242,60,281,282,422,228
c01,553539,0,99,67,110,203,137,0
c01,553542,1,103,0,290,282,159,53
c01,553545,0,98,67,110,203,134,0
c01,553548,1,122,63,292,282,101,71
c01,553551,0,88,0,89,203,0,60
c01,553554,1,78,57,292,283,454,95
c01,553557,0,65,68,83,191,0,68
c01,553559,1,340,0,292,283,451,286
c01,553563,0,145,92,74,188,53,66
c01,553566,1,254,64,299,267,172,268
c01,553569,2,175,58,0,0,50,0
c01,553571,2,178,0,71,0,0,0
c01,553574,2,177,72,64,0,0,0
c01,553579,2,176,0,64,0,0,0
c01,553579,2,184,0,0,0,50,63
c01,553582,2,190,0,62,0,0,70
c01,553584,2,168,83,57,0,0,0
c01,553587,2,185,54,57,0,0,0
c01,553590,0,101,92,74,204,52,0
c01,553592,1,127,0,310,267,77,200
c01,553595,2,189,0,53,0,52,51
c01,553598,0,62,92,75,204,0,0
c01,553601,1,113,52,313,261,73,108
c01,553604,2,174,56,75,0,52,0
c01,553607,0,61,0,81,197,0,92
c01,553609,1,115,78,313,261,74,0
c01,553612,2,175,132,0,0,0,0
c01,553615,0,95,57,83,182,80,74
c01,553618,1,103,99,295,261,74,55
c01,553621,2,168,53,0,0,0,0
c01,553623,1,100,98,294,261,90,112
c01,553628,0,400,86,84,193,349,62
c01,553630,2,182,0,0,0,0,0
c01,553633,1,107,69,288,261,90,170
c01,553635,0,111,86,84,193,83,82
c01,553638,2,176,0,0,0,0,58
c01,553640,1,364,0,288,262,316,303
c01,553643,0,0,86,73,193,0,84
c01,553787,1,119,0,288,262,519,304
c01,553787,0,64,53,68,193,207,60
c01,553788,1,118,0,307,264,567,90
c01,553788,0,242,89,67,193,473,0
c01,553789,1,393,0,309,264,409,187
c01,553812,0,331,89,67,193,163,0
c01,554068,1,267,98,310,264,163,254
c01,554068,0,133,66,67,193,51,0
c01,554069,1,91,0,311,264,102,203
c01,554069,0,73,59,69,163,0,0
c01,554070,1,119,0,312,267,80,143
c01,554072,0,128,0,69,74,77,76
c01,554336,1,119,62,312,270,81,71
c01,554337,0,80,0,71,83,0,86
c01,554337,1,68,78,288,268,91,0
c01,554338,0,147,91,71,122,0,80
c01,554338,1,109,72,281,204,94,0
c01,554340,0,127,88,71,121,0,0
c01,554343,1,105,77,280,226,100,102
c01,554346,0,0,87,71,81,0,0
c01,554356,1,86,0,261,236,100,118
c01,554596,0,0,50,72,133,0,110
c01,554597,1,92,0,219,253,95,218
c01,554597,0,54,0,72,94,0,178
c01,554598,1,500,0,215,271,87,309
c01,554598,0,214,57,72,115,206,78
c01,554600,1,718,66,215,275,0,330
c01,554603,0,343,76,67,172,131,68
c01,554606,2,179,0,52,0,0,60
c01,554608,2,182,94,53,0,0,0
c01,554611,2,172,79,53,0,0,0
c01,554615,2,181,0,0,0,0,0
c01,554616,2,175,0,74,0,0,69
c01,554619,2,179,109,51,0,0,53
c01,554621,2,174,54,52,0,0,72
c01,554624,2,179,52,0,0,0,0
c01,554627,2,169,0,51,0,0,57
c01,554630,2,174,74,0,0,0,64
c01,554632,2,192,52,0,0,0,54
c01,554634,2,172,0,64,0,0,68
c01,554637,2,175,0,0,0,0,0
c01,554639,2,189,0,68,0,0,51
c01,554642,2,184,87,68,0,0,0
c01,554645,1,829,77,215,277,81,99
c01,554887,0,52,76,52,195,0,73
c01,554887,2,170,0,57,0,0,0
c01,554887,1,771,78,227,277,103,116
c01,554888,0,0,77,52,195,269,72
c01,554888,1,663,0,257,278,89,277
c01,554890,0,372,0,52,187,426,0
c01,554893,1,491,0,282,278,72,245
c01,554897,0,418,64,71,180,121,0
c01,554902,1,375,0,303,274,65,249
c01,555163,0,256,95,88,183,0,0
c01,555163,1,181,58,308,252,0,189
c01,555164,0,106,95,88,184,0,0
c01,555164,1,116,86,314,246,0,100
c01,555165,0,101,95,88,184,52,52
c01,555167,1,112,60,314,246,61,63
c01,555170,0,103,66,68,174,0,55
c01,555437,1,121,71,314,238,77,0
c01,555437,0,66,64,67,174,0,82
c01,555438,1,103,94,309,238,77,0
c01,555438,0,95,136,67,124,0,86
c01,555438,1,96,77,309,238,79,92
c01,555440,0,118,110,67,132,0,0
c01,555443,1,111,81,274,238,72,88
c01,555447,0,56,95,68,202,0,0
c01,555460,2,177,0,0,0,0,0
c01,555462,2,186,61,0,0,0,0
c01,555462,2,176,116,51,0,0,52
c01,555463,2,168,72,51,0,0,0
c01,555463,2,181,50,0,0,50,0
c01,555463,2,169,0,0,0,0,0
c01,555465,2,176,0,64,0,0,0
c01,555467,2,182,89,57,0,0,0
c01,555470,2,177,66,66,0,0,0
c01,555472,2,176,0,0,0,0,0
decideCoordination.  areCoordinated? P2=1
Settings. state=GOODNUF. isPlayer? A0=1 A1=1 A2=1. areCoord? A01=0 A12=0 A20=1
c01,555489,1,121,95,225,247,75,115
c01,555489,2,182,0,0,0,0,0
State change.Settings. state=GOODJOB. isPlayer? A0=1 A1=1 A2=1. areCoord? A01=0 A12=0 A20=1
c01,555705,0,0,90,69,167,0,112
c01,555706,1,213,0,208,255,113,179
c01,555706,2,176,76,57,0,0,0
c01,555707,0,93,0,69,134,95,95
c01,555711,1,503,0,201,272,113,323
c01,555714,2,179,0,61,0,0,0
c01,555716,0,240,94,57,77,275,94
c01,555719,1,610,50,200,281,93,437
c01,555722,0,146,96,0,97,75,88
c01,555725,2,183,0,0,0,0,0
c01,555987,1,645,56,200,281,93,471
c01,555987,2,175,0,50,0,0,93
c01,555987,0,63,89,0,180,0,59
c01,555988,1,626,56,200,281,93,411
c01,555988,2,191,87,50,0,0,52
c01,555990,0,0,73,0,189,144,0
c01,555993,1,489,72,213,281,93,306
c01,555996,2,183,58,50,0,0,0
c01,555998,0,70,0,58,189,490,0
c01,556001,1,386,0,234,277,97,267
c01,556004,2,184,50,51,0,0,0
c01,556007,0,298,58,67,189,259,50
c01,556025,1,187,0,248,258,99,205
c01,556124,2,170,0,68,0,0,54
decideCoordination.  areCoordinated? P0=1
Settings. state=GOODJOB. isPlayer? A0=1 A1=1 A2=1. areCoord? A01=1 A12=0 A20=1
c01,556128,0,165,84,87,190,0,110
c01,556130,2,178,67,0,0,51,57
c01,556139,1,163,0,257,253,79,93
c01,556261,0,55,84,87,190,0,90
c01,556262,2,190,55,0,0,0,0
c01,556262,1,135,74,257,253,74,69
c01,556263,0,111,84,87,190,0,76
c01,556539,1,66,93,257,253,85,61
c01,556539,0,83,0,87,190,0,53
c01,556540,1,91,0,245,257,90,0
c01,556540,0,109,75,87,200,0,0
c01,556540,2,175,62,0,0,0,0
c01,556542,2,183,0,0,0,0,0
c01,556544,2,183,0,57,0,0,70
c01,556547,1,170,52,223,279,92,0
c01,556550,0,144,95,87,210,0,0
c01,556553,1,69,62,193,274,80,136
c01,556556,0,0,93,87,211,0,70
c01,556563,1,142,0,193,274,81,194
c01,556812,0,0,81,87,218,56,160
c01,556813,1,395,0,195,286,88,264
c01,556813,0,128,0,90,214,79,179
c01,556813,1,486,86,194,299,79,302
c01,556814,0,332,69,90,210,340,95
c01,556816,1,222,0,194,304,86,355
c01,556819,0,203,97,90,210,69,62
c01,557087,1,244,0,194,304,104,371
c01,557087,0,99,97,104,203,0,56
c01,557087,1,464,56,194,307,93,349
c01,557088,0,62,97,107,196,94,0
c01,557088,1,544,0,182,311,79,310
c01,557091,0,64,51,107,182,501,0
c01,557094,1,427,0,172,308,66,249
c01,557097,0,222,51,107,182,266,0
c01,557120,1,345,94,172,282,0,205
c01,557386,0,272,95,107,182,77,97
c01,557387,1,234,0,195,267,71,186
c01,557387,0,208,95,107,189,55,112
c01,557388,1,188,0,227,265,72,87
c01,557388,0,112,95,84,169,60,80
c01,557391,1,155,63,227,253,71,61
c01,557394,0,110,95,77,106,103,61
c01,557443,1,74,68,188,253,72,0
c01,557443,0,67,0,74,156,0,59
c01,557444,2,174,100,0,0,0,0
c01,557444,2,177,0,0,0,0,0
c01,557445,2,176,0,0,0,0,0
c01,557445,2,185,0,65,0,0,63
c01,557447,2,175,85,0,0,0,54
c01,557450,2,179,80,0,0,0,0
c01,557453,2,168,0,0,0,0,0
c01,557455,2,174,0,52,0,0,62
c01,557458,2,184,0,0,0,0,0
c01,557460,2,171,103,0,0,62,0
c01,557463,2,163,51,60,0,0,0
c01,557465,2,174,0,0,0,0,61
c01,557468,2,175,0,53,0,0,51
c01,557470,2,171,50,53,0,0,63
c01,557474,2,171,0,50,0,0,0
c01,557476,1,79,62,188,253,73,0
c01,557661,0,107,83,66,116,68,0
c01,557662,2,180,72,0,0,0,0
c01,557662,1,127,76,188,253,0,71
c01,557663,0,152,74,66,93,0,0
c01,557663,2,168,0,0,0,0,71
c01,557664,1,176,0,188,253,56,160
c01,557667,0,53,68,66,93,0,83
c01,557670,2,177,0,0,0,0,61
c01,557936,1,208,0,191,253,115,186
c01,557937,0,0,59,66,95,52,170
c01,557937,2,192,66,0,0,0,73
c01,557938,1,351,51,210,253,143,209
c01,557938,0,272,0,64,155,186,131
c01,557940,1,407,81,248,253,178,255
c01,557943,0,198,56,0,56,247,85
c01,557946,1,552,202,273,253,183,218
c01,557950,0,153,87,0,0,0,73
c01,557962,1,644,155,277,253,220,87
c01,558211,0,86,0,0,0,0,51
c01,558212,1,427,61,279,255,220,104
c01,558212,0,0,177,0,61,404,0
c01,558213,1,304,74,279,255,220,221
c01,558213,0,166,256,0,166,291,0
c01,558215,1,292,77,280,256,173,216
c01,558218,0,284,53,60,166,79,112
c01,558325,1,294,0,281,256,110,183
c01,558326,0,226,88,60,110,0,149
c01,558327,1,154,76,281,256,94,87
c01,558327,2,172,0,52,0,0,0
c01,558328,2,186,0,0,0,0,56
c01,558329,2,183,0,0,0,0,75
c01,558331,2,186,77,0,0,0,0
c01,558336,2,181,0,60,0,0,0
c01,558336,2,182,0,0,0,0,0
c01,558339,2,167,0,0,0,53,0
c01,558341,2,177,96,0,0,0,0
c01,558344,0,192,66,60,0,0,99
c01,558511,1,110,0,281,256,107,0
c01,558512,2,183,0,0,0,0,0
c01,558512,0,0,69,60,0,0,88
c01,558513,1,89,0,274,258,115,0
c01,558513,2,179,58,0,0,0,50
c01,558514,0,0,69,53,50,0,82
c01,558715,1,123,0,260,258,115,0
c01,558715,2,186,0,0,0,0,57
c01,558716,0,52,0,53,87,0,61
c01,558716,1,75,68,268,258,108,0
c01,558717,0,80,71,53,0,0,0
c01,558718,1,99,57,291,258,87,109
c01,558723,2,180,75,0,0,0,59
c01,558724,2,184,76,0,0,0,0
c01,558726,0,78,74,52,69,53,87
c01,558743,2,167,50,0,0,0,0
c01,558788,1,125,0,291,258,72,125
c01,559036,0,0,66,53,116,62,182
c01,559037,2,180,0,0,0,0,55
c01,559037,1,215,0,293,258,76,171
c01,559038,0,150,0,54,148,65,167
c01,559038,1,339,0,283,260,125,212
c01,559040,0,210,0,54,167,301,77
c01,559043,1,203,72,281,264,230,238
c01,559047,0,123,110,54,142,57,60
c01,559050,1,71,69,281,265,286,89
c01,559312,0,138,85,54,209,0,55
c01,559312,1,67,61,281,265,280,137
c01,559313,0,0,124,54,210,0,0
c01,559313,1,88,0,282,266,213,253
c01,559313,0,0,330,54,199,456,0
c01,559316,1,106,0,282,267,133,268
c01,559319,0,271,66,54,193,301,0
c01,559561,1,89,0,282,272,98,250
c01,559562,0,212,94,71,195,86,122
c01,559562,1,221,59,282,267,103,224
c01,559562,0,204,92,72,203,0,164
c01,559563,1,217,0,282,239,84,104
c01,559566,0,145,88,72,137,0,96
c01,559569,1,178,82,282,239,68,0
c01,559572,0,96,88,72,129,0,59
c01,559607,1,129,0,282,239,66,0
c01,559811,0,75,0,73,180,0,0
c01,559812,1,131,0,282,238,67,0
c01,559812,0,75,51,75,202,0,0
c01,559813,1,88,0,282,238,79,0
c01,559813,0,140,86,76,207,0,0
c01,559865,1,74,55,299,238,106,0
c01,559866,0,92,81,77,207,57,55
c01,559866,2,187,0,0,0,0,0
c01,559867,2,170,115,0,0,53,0
c01,559867,2,182,0,0,0,0,0
c01,559868,2,185,0,0,0,60,73
c01,559870,2,171,0,50,0,0,71
c01,559873,2,178,65,59,0,0,0
c01,559875,2,181,81,57,0,0,0
c01,559878,2,183,73,0,0,0,55
c01,559881,2,170,0,0,0,0,80
c01,559883,2,185,0,0,0,0,0
c01,559886,2,177,81,0,0,0,0
c01,559888,2,167,0,0,0,0,0
c01,559891,2,182,0,0,0,0,59
c01,559893,2,175,0,0,0,57,54
c01,559896,2,177,63,0,0,0,0
c01,559898,1,91,54,302,238,88,57
c01,560061,0,62,75,60,207,65,85
c01,560062,2,185,0,0,0,0,0
c01,560062,1,105,66,303,238,82,65
c01,560063,0,94,0,59,207,0,128
c01,560063,2,178,54,0,0,0,0
c01,560064,1,76,0,303,239,79,0
c01,560067,0,95,0,60,143,0,194
c01,560311,2,177,0,0,0,0,59
c01,560312,1,71,0,303,239,58,0
c01,560312,0,201,93,61,191,0,173
c01,560312,2,176,0,0,0,0,0
c01,560313,1,106,0,303,239,62,0
c01,560314,0,261,131,61,212,286,73
c01,560317,2,183,96,0,0,0,0
c01,560320,1,71,64,303,242,100,54
c01,560323,0,55,278,85,217,95,0
c01,560326,1,0,63,304,242,112,57
c01,560330,0,0,68,104,217,0,0
c01,560561,1,111,0,304,242,113,54
c01,560562,0,55,0,106,196,0,0
c01,560562,1,106,0,304,241,113,77
c01,560563,0,74,446,106,194,0,80
c01,560563,1,0,0,304,239,108,0
c01,560565,0,176,452,106,197,331,66
nc01,561735,1,99,0,304,238,107,0
State change.Settings. state=WINNING. isPlayer? A0=1 A1=1 A2=1. areCoord? A01=1 A12=0 A20=1
nc01,561737,0,244,313,106,204,204,97
nc01,561739,1,87,50,304,237,110,0
nc01,561742,0,208,107,112,204,72,69
nc01,561745,1,66,70,304,237,113,57
nc01,561748,0,197,0,113,204,79,0
nc01,561751,1,79,0,304,237,114,73
nc01,561754,2,169,0,51,0,0,61
nc01,561757,2,176,0,50,0,0,58
nc01,561760,2,175,0,50,0,0,58
nc01,561762,2,180,101,50,0,53,0
nc01,561765,2,185,0,50,0,0,0
nc01,561768,2,169,0,73,0,0,66
nc01,561772,2,179,0,72,0,0,0
nc01,561773,2,184,107,51,0,61,0
nc01,561777,0,164,60,113,204,122,0
nc01,561779,1,100,0,306,237,117,72
nc01,561783,2,178,0,0,0,0,0
nc01,561785,0,173,88,113,206,75,0
nc01,561788,1,64,0,310,237,116,0
nc01,561791,2,177,0,54,0,52,53
nc01,561793,0,73,88,113,206,0,53
nc01,561796,1,83,0,316,232,100,0
nc01,561800,0,0,76,113,217,0,75
nc01,561802,1,117,52,322,232,100,0
nc01,561806,0,0,0,113,220,0,75
nc01,561808,1,108,71,334,233,113,0
nc01,561812,0,67,0,113,220,0,66
nc01,561814,1,81,0,350,234,115,55
nc01,561817,0,161,114,113,220,0,51
nc01,561820,1,79,0,364,234,86,104
nc01,561825,2,189,0,67,0,0,54
nc01,561826,2,191,0,64,0,0,0
nc01,561829,2,176,85,64,0,0,0
nc01,561831,2,187,52,54,0,0,0
nc01,561834,2,190,0,0,0,0,79
nc01,561837,0,53,59,113,220,72,0
nc01,561839,2,181,0,0,0,0,73
nc01,561844,1,62,57,364,238,66,0
nc01,561845,0,0,59,113,220,120,0
nc01,561848,2,176,109,0,0,0,0
nc01,561851,1,88,54,364,238,81,66
nc01,561854,0,0,0,113,220,132,0
nc01,561857,1,115,71,364,238,98,99
nc01,561860,0,90,0,113,220,119,54
nc01,561863,1,133,0,364,267,86,137
nc01,561866,0,169,119,114,220,68,70
nc01,561869,1,64,61,324,348,88,132
nc01,561873,0,81,110,114,220,0,73
nc01,561875,2,170,0,0,0,0,0
nc01,561878,2,178,0,0,0,0,72
nc01,561880,2,176,0,0,0,0,76
nc01,561883,2,183,53,0,0,0,0
nc01,561886,1,93,113,243,350,103,210
nc01,561889,0,0,110,114,182,0,0
nc01,561892,2,182,74,0,0,0,0
nc01,561894,1,89,134,243,350,128,227
nc01,561898,0,52,68,114,129,0,0
nc01,561900,2,175,51,55,0,0,53
nc01,562088,1,97,152,238,350,221,249
nc01,562089,0,73,0,107,0,0,0
nc01,562089,2,174,0,0,0,0,0
nc01,562090,1,158,124,265,350,378,251
nc01,562090,0,159,101,102,0,58,73
nc01,562092,2,175,0,65,0,0,0
nc01,562095,1,322,98,345,305,339,239
nc01,562099,0,154,61,96,0,75,67
nc01,562102,1,354,293,349,288,276,202
nc01,562336,0,61,52,94,95,134,85
nc01,562336,1,332,440,393,287,237,53
nc01,562337,0,103,0,69,192,101,68
nc01,562337,1,250,378,342,274,239,0
nc01,562338,0,75,0,0,203,0,64
nc01,562341,1,211,295,335,257,252,144
nc01,562344,0,112,116,0,217,0,75
nc01,562586,1,332,263,351,257,195,210
nc01,562586,0,165,115,0,186,65,81
nc01,562587,1,187,95,300,329,219,260
nc01,562587,0,54,93,76,111,95,71
nc01,562588,1,113,127,217,357,172,96
nc01,562591,0,0,88,106,66,70,64
nc01,562836,1,52,146,217,355,133,62
nc01,562836,0,59,0,106,0,77,51
nc01,562837,1,99,187,217,341,238,0
nc01,562837,0,78,62,107,0,100,75
nc01,562838,1,110,206,217,341,133,0
nc01,562841,0,156,116,107,111,127,74
nc01,562844,1,70,215,220,341,74,0
nc01,562847,0,81,96,107,158,146,0
nc01,562872,1,0,126,239,314,60,69
nc01,563048,0,0,88,107,168,180,0
nc01,563048,1,64,89,351,282,0,70
nc01,563049,0,0,0,109,168,190,0
nc01,563050,1,97,110,363,282,0,81
nc01,563050,0,76,0,109,168,161,0
nc01,563052,2,179,113,0,0,0,0
nc01,563054,2,169,55,50,0,0,57
nc01,563057,2,186,54,53,0,0,53
nc01,563060,2,175,0,59,0,0,0
nc01,563063,2,177,87,59,0,0,0
nc01,563065,2,181,53,59,0,0,0
nc01,563068,2,169,55,59,0,0,66
nc01,563071,2,169,0,60,0,0,0
nc01,563073,2,182,0,60,0,0,54
nc01,563076,2,185,97,60,0,0,0
nc01,563079,2,182,0,60,0,64,87
nc01,563081,2,178,0,0,0,0,63
nc01,563085,2,187,0,0,0,0,0
nc01,563087,2,182,97,0,0,0,0
nc01,563089,2,169,64,0,0,0,0
nc01,563092,1,312,255,359,282,103,102
nc01,563350,0,113,120,111,168,117,73
nc01,563351,2,182,57,0,0,61,80
nc01,563352,1,150,371,355,283,166,0
nc01,563352,0,115,104,113,168,66,78
nc01,563353,2,184,0,0,0,0,0
nc01,563355,1,118,213,357,283,172,0
nc01,563358,0,0,88,122,169,51,74
nc01,563361,2,186,0,0,0,0,0
nc01,563364,1,75,58,371,283,205,0
nc01,563366,0,0,87,122,175,0,0
nc01,563371,1,75,77,369,283,228,75
nc01,563372,2,167,0,0,0,0,0
nc01,563384,0,54,0,123,182,57,0
nc01,563636,1,129,78,308,318,269,88
nc01,563637,2,177,0,0,0,0,0
nc01,563637,0,68,85,123,182,55,0
nc01,563637,1,97,142,258,347,280,108
nc01,563638,0,129,102,125,184,96,57
nc01,563641,1,65,182,246,341,194,294
nc01,563644,0,0,92,125,191,80,0
nc01,563886,1,184,206,246,299,114,320
nc01,563886,0,0,88,126,196,0,63
nc01,563887,1,231,222,238,357,115,254
nc01,563887,0,55,0,127,196,0,67
nc01,563888,1,241,223,232,316,116,197
nc01,563891,0,58,78,139,197,0,59
nc01,563894,1,241,161,260,311,94,204
nc01,563898,0,147,120,147,197,54,0
nc01,563922,1,211,159,297,295,97,216
nc01,563981,2,167,0,0,0,51,0
nc01,563981,2,169,0,51,0,0,0
nc01,563982,2,168,72,51,0,0,0
nc01,563982,2,176,65,50,0,0,0
nc01,563982,2,178,0,0,0,0,0
nc01,563983,2,155,0,58,0,0,0
nc01,563986,2,171,86,56,0,0,0
nc01,563989,0,0,103,149,197,76,0
nc01,563992,2,175,0,0,0,0,0
nc01,564138,1,184,208,297,295,142,72
nc01,564139,0,0,89,173,197,75,0
nc01,564139,2,167,55,61,0,0,60
nc01,564140,1,355,262,328,287,129,60
nc01,564140,0,61,0,184,197,69,71
nc01,564386,1,343,203,353,281,109,73
nc01,564386,0,87,79,191,198,67,78
nc01,564387,1,291,150,362,281,174,0
nc01,564387,0,140,109,191,199,61,56
nc01,564388,1,206,131,363,274,225,0
nc01,564391,0,0,104,196,199,63,58
nc01,564395,1,114,142,314,305,269,76
nc01,564401,0,50,102,201,199,64,0
nc01,564636,1,83,181,251,295,172,243
nc01,564636,0,59,72,205,199,94,0
nc01,564637,1,63,164,237,295,122,288
nc01,564637,0,65,70,206,199,100,0
nc01,564638,1,173,183,231,295,122,292
nc01,564641,0,137,118,212,199,101,0
nc01,564886,1,184,151,262,288,167,257
nc01,564886,0,79,118,218,199,104,0
nc01,564887,1,195,68,295,311,240,216
nc01,564887,0,0,118,219,199,104,73
nc01,564888,1,186,68,351,290,197,143
nc01,564891,0,64,106,219,199,99,75
nc01,564895,1,305,98,353,281,159,0
nc01,565118,0,69,79,219,199,96,61
nc01,565119,1,333,112,353,281,112,56
nc01,565119,0,137,132,220,199,107,0
nc01,565120,1,336,172,353,281,108,64
nc01,565120,0,108,132,220,199,89,0
nc01,565123,1,162,97,353,281,121,59
nc01,565126,0,0,133,225,199,126,0
nc01,565129,2,161,0,0,0,0,51
nc01,565132,2,163,66,65,0,0,0
nc01,565135,2,172,64,61,0,0,0
nc01,565138,2,162,0,56,0,0,50
nc01,565140,2,167,0,51,0,0,71
nc01,565143,2,181,0,50,0,0,0
nc01,565145,2,163,99,50,0,0,0
nc01,565148,2,174,0,0,0,0,60
nc01,565151,2,173,57,0,0,0,73
nc01,565154,2,176,51,0,0,0,53
nc01,565156,2,163,70,0,0,0,0
nc01,565159,2,164,0,0,0,0,0
nc01,565162,2,160,50,63,0,0,87
nc01,565164,2,169,0,0,0,0,58
nc01,565167,2,169,0,0,0,0,0
nc01,565169,1,87,65,357,276,175,67
nc01,565412,0,64,133,227,173,145,0
nc01,565412,2,175,100,0,0,0,0
nc01,565413,1,76,76,354,277,222,54
nc01,565413,0,60,0,228,173,151,86
nc01,565414,1,86,65,268,285,244,108
nc01,565416,0,97,124,228,158,140,90
nc01,565420,1,81,108,238,294,134,237
nc01,565423,0,122,129,230,158,99,67
nc01,565429,1,113,171,238,309,98,324
nc01,565661,0,0,124,234,158,92,54
nc01,565661,1,124,197,231,310,79,399
nc01,565662,0,57,124,234,180,83,0
nc01,565662,1,86,218,231,310,79,201
nc01,565663,0,87,70,234,189,115,0
nc01,565666,1,116,211,261,328,67,68
nc01,565669,0,127,95,234,190,143,0
nc01,565911,1,154,147,312,298,68,112
nc01,565911,0,208,138,234,190,143,66
nc01,565912,1,308,119,354,282,109,52
nc01,565912,0,137,119,234,191,112,95
nc01,565913,1,347,142,355,280,129,0
nc01,565917,0,125,117,234,192,84,62
nc01,565974,1,218,253,356,274,109,0
nc01,565975,0,168,89,234,193,85,58
nc01,565975,2,157,0,0,0,0,51
nc01,565976,2,174,0,0,0,0,0
nc01,565976,2,168,0,58,0,0,0
nc01,565977,2,168,64,65,0,0,0
nc01,565981,2,156,0,66,0,0,74
nc01,565983,2,168,58,66,0,0,0
nc01,565985,2,169,0,0,0,0,0
nc01,565988,2,171,0,57,0,0,0
nc01,565991,2,176,87,56,0,0,69
nc01,565993,2,157,0,56,0,0,56
nc01,565996,2,163,0,56,0,0,0
nc01,566002,1,113,280,355,274,129,99
nc01,566186,0,168,0,234,193,115,0
nc01,566186,2,155,0,56,0,0,0
nc01,566187,1,118,148,356,274,131,99
nc01,566187,0,171,120,234,195,121,0
nc01,566187,2,172,84,61,0,0,0
nc01,566190,1,74,0,338,284,168,0
nc01,566193,0,179,120,234,195,125,0
nc01,566196,2,181,0,0,0,51,71
nc01,566461,1,92,0,316,321,222,0
nc01,566461,0,119,111,234,195,130,0
nc01,566462,1,85,72,308,348,248,111
nc01,566462,0,163,106,234,195,133,80
nc01,566463,1,76,128,303,322,211,246
nc01,566466,0,184,0,220,195,132,85
nc01,566469,1,89,182,302,313,117,307
nc01,566473,0,210,105,197,195,139,53
nc01,566478,1,107,208,302,312,83,349
nc01,566596,0,241,125,197,203,142,0
nc01,566596,1,78,226,309,304,74,256
nc01,566598,2,168,59,0,0,0,0
nc01,566599,2,172,0,0,0,0,0
nc01,566599,2,173,61,51,0,0,0
nc01,566600,2,183,67,51,0,0,93
nc01,566602,2,168,0,51,0,0,57
nc01,566606,2,167,0,0,0,0,0
nc01,566607,0,133,125,199,205,148,0
nc01,566627,1,0,210,324,240,50,130
nc01,566711,2,182,0,0,0,0,0
decideCoordination.  areCoordinated? P1=1
Settings. state=WINNING. isPlayer? A0=1 A1=1 A2=1. areCoord? A01=1 A12=1 A20=1
nc01,566714,0,213,111,218,211,177,0
nc01,566717,1,152,145,339,238,74,57
nc01,566726,2,161,113,0,0,0,69
nc01,566986,0,240,0,218,212,159,52
nc01,566986,1,255,173,356,202,72,0
nc01,566987,0,254,130,219,212,128,83
nc01,566987,1,302,245,359,279,82,0
nc01,566988,0,236,139,219,212,116,81
nc01,566991,1,366,277,359,287,88,0
nc01,566994,2,176,0,0,0,54,79
nc01,566997,2,166,57,0,0,59,53
nc01,567000,2,165,0,0,0,0,50
nc01,567002,0,127,132,219,212,125,0
nc01,567007,1,433,256,360,287,81,0
nc01,567010,2,165,0,0,0,0,55
nc01,567262,0,207,125,220,212,137,0
nc01,567263,1,212,183,360,287,90,74
nc01,567263,2,168,109,0,0,0,0
nc01,567264,0,222,0,220,212,143,0
nc01,567264,1,126,138,360,294,177,80
nc01,567267,2,167,0,82,0,0,0
nc01,567270,0,226,118,220,212,156,0
nc01,567273,1,90,93,362,294,219,67
nc01,567276,2,164,0,0,0,0,0
nc01,567279,0,237,157,220,212,163,0
nc01,567282,1,92,115,362,294,257,146
nc01,567561,0,162,151,225,212,152,77
nc01,567561,1,54,133,361,298,160,262
nc01,567562,0,155,142,228,212,143,64
nc01,567562,1,95,146,354,313,65,276
nc01,567563,0,197,113,229,212,139,60
nc01,567566,1,69,160,356,303,50,255
nc01,567570,0,200,82,232,212,144,51
nc01,567573,1,74,128,356,241,51,170
nc01,567584,0,195,155,233,212,135,0
State change.Settings. state=FANFARE. isPlayer? A0=1 A1=1 A2=1. areCoord? A01=1 A12=1 A20=1
nc01,567749,1,84,79,356,239,55,116
nc01,567750,0,131,155,236,212,155,0
nc01,567750,1,93,253,356,252,63,104
nc01,567751,0,58,160,236,212,161,53
nc01,567836,1,79,312,349,287,66,98
nc01,567836,2,171,0,51,0,0,0
nc01,567837,2,160,98,54,0,0,58
nc01,567837,2,154,0,50,0,56,63
nc01,567837,2,168,0,0,0,0,0
nc01,567839,2,163,0,66,0,55,0
nc01,567842,2,161,66,57,0,0,56
nc01,567844,2,181,55,57,0,0,66
nc01,567847,2,163,54,70,0,0,0
nc01,567850,0,78,149,233,212,169,0
nc01,567853,1,62,329,347,287,102,83
nc01,567857,2,163,0,50,0,0,0
nc01,568111,0,81,96,219,212,169,60
nc01,568111,1,143,322,347,286,107,0
nc01,568112,2,169,50,52,0,0,0
nc01,568112,0,84,200,186,212,124,64
nc01,568112,1,80,272,347,286,125,0
nc01,568115,2,183,124,52,0,0,70
nc01,568118,0,118,206,177,212,124,72
nc01,568122,1,83,100,358,286,174,0
nc01,568125,2,163,0,62,0,0,0
nc01,568127,0,53,206,176,212,129,53
nc01,568131,1,109,92,358,286,198,81
nc01,568386,2,174,0,0,0,0,0
nc01,568386,0,54,208,176,212,134,0
nc01,568387,1,104,0,358,326,217,83
nc01,568387,2,169,0,52,0,0,0
nc01,568387,0,70,166,191,212,132,0
nc01,568390,1,0,0,347,345,197,148
nc01,568393,2,161,109,0,0,0,58
nc01,568395,0,91,180,191,212,140,0
nc01,568398,1,116,58,341,351,90,198
nc01,568402,2,184,0,50,0,0,58
nc01,568404,0,129,181,191,212,141,65
nc01,568408,1,72,83,341,351,74,230
nc01,568423,0,55,181,191,212,141,69
nc01,568661,1,94,65,344,309,81,195
nc01,568661,0,0,181,192,212,120,73
nc01,568661,1,138,79,344,235,79,0
nc01,568662,0,50,140,192,212,127,58
nc01,568662,1,192,0,344,232,72,107
nc01,568666,0,69,132,193,210,101,0
nc01,568669,1,204,196,344,225,57,122
nc01,568921,0,104,164,193,211,111,0
nc01,568922,1,322,247,341,225,91,0
nc01,568922,0,103,164,194,211,132,0
nc01,568922,1,395,268,341,250,140,51
nc01,568923,0,50,164,194,208,161,57
nc01,568926,1,208,269,341,266,129,0
nc01,568930,0,69,149,194,202,156,84
nc01,568933,2,162,0,0,0,0,0
nc01,568936,2,175,0,51,0,0,0
nc01,568938,2,168,0,0,0,0,0
nc01,568943,2,169,63,58,0,0,61
nc01,568944,2,156,0,0,0,51,0
nc01,568946,2,171,0,0,0,0,0
nc01,568949,2,178,0,0,0,50,67
nc01,568951,2,162,103,53,0,0,72
nc01,568954,1,86,148,341,270,109,0
nc01,568982,0,81,120,194,202,115,89
nc01,569215,2,169,50,58,0,69,0
nc01,569215,1,97,66,341,273,154,0
nc01,569215,0,121,175,194,182,75,81
nc01,569216,2,174,0,0,0,0,0
nc01,569216,1,109,0,344,273,197,0
nc01,569218,0,152,182,194,125,92,0
nc01,569222,2,167,0,53,0,0,61
nc01,569224,1,62,0,345,267,232,81
nc01,569227,2,169,76,65,0,0,64
nc01,569230,0,0,183,195,95,119,0
nc01,569237,1,83,62,346,234,233,149
nc01,569306,2,170,63,66,0,0,0
nc01,569307,0,0,183,195,0,140,0
nc01,569338,1,88,74,346,219,134,191
idle,570555,2,176,0,50,0,0,0
idle,570556,0,70,78,196,0,169,62
idle,570556,1,90,0,346,135,83,211
idle,570556,0,95,156,196,0,142,63
idle,570557,1,135,114,346,169,87,154
idle,570559,0,108,141,196,0,114,72
idle,570563,1,158,227,346,177,86,71
idle,570566,0,0,133,196,0,149,51
idle,570569,1,150,272,336,180,79,56
idle,570572,0,0,95,196,0,136,50
idle,570575,1,173,278,330,185,112,118
idle,570578,0,57,0,197,0,149,0
idle,570581,1,229,239,330,198,142,85
idle,570585,0,75,97,199,0,164,0
idle,570588,1,183,95,330,233,93,0
idle,570591,0,98,119,204,0,168,0
idle,570593,1,80,74,330,236,57,50
idle,570596,0,62,88,207,0,163,66
idle,570599,1,114,72,330,236,73,62
idle,570602,0,0,90,208,0,165,70
idle,570605,1,91,189,330,250,74,0
idle,570608,0,72,0,208,0,159,59
idle,570611,1,81,218,330,332,87,0
idle,570614,0,61,76,208,0,168,0
idle,570617,1,93,191,329,344,156,0
idle,570620,0,116,125,210,0,169,0
idle,570623,1,111,0,329,344,144,70
idle,570626,0,97,89,210,0,176,0
idle,570629,1,76,67,329,350,130,82
idle,570632,0,0,82,210,0,185,57
idle,570635,1,87,0,329,359,73,52
idle,570638,2,159,0,0,0,0,0
idle,570640,2,164,0,55,0,0,75
idle,570643,2,161,70,55,0,0,56
idle,570646,2,151,0,60,0,0,0
idle,570649,2,166,0,0,0,0,0
idle,570651,2,168,0,0,0,0,52
idle,570654,2,170,67,0,0,0,70
idle,570656,2,177,0,0,0,0,0
idle,570659,2,169,63,0,0,0,0
idle,570661,2,163,52,0,0,0,0
idle,570664,2,166,65,0,0,0,63
idle,570667,2,177,59,0,0,0,0
idle,570669,2,155,0,0,0,0,0
idle,570672,2,162,0,0,0,0,53
idle,570674,2,168,0,57,0,52,0
idle,570678,0,55,68,210,0,168,85
idle,570680,1,108,50,329,360,52,0
idle,570683,2,166,105,57,0,52,53
idle,570686,0,90,0,210,0,156,80
idle,570689,1,85,111,330,300,52,78
idle,570693,2,170,0,68,0,57,0
idle,570695,0,130,86,210,0,163,0
idle,570698,1,84,56,330,274,67,0
idle,570701,2,176,0,0,0,57,0
idle,570703,0,151,74,210,0,162,0
idle,570706,1,100,67,332,274,71,0
idle,570709,2,175,0,56,0,0,0
idle,570860,0,111,67,210,0,158,0
idle,570861,1,98,124,341,274,0,79
idle,570861,2,164,0,57,0,0,0
idle,570862,0,134,65,210,0,165,0
idle,570862,1,77,120,345,267,0,86
idle,570864,2,166,81,0,0,0,0
idle,570867,0,157,0,210,0,167,52
idle,570870,1,95,126,345,267,0,73
idle,570878,2,170,50,0,0,0,0
idle,571136,0,166,61,210,0,167,62
idle,571136,1,96,143,340,268,0,54
idle,571136,0,178,95,210,0,142,82
idle,571137,1,96,62,317,267,80,0
idle,571137,0,182,67,211,0,100,66
idle,571140,1,70,52,302,268,121,0
idle,571143,0,161,67,213,0,104,66
idle,571146,1,105,0,302,268,118,0
idle,571410,0,176,69,183,0,106,66
idle,571411,1,68,59,301,268,115,0
idle,571411,0,182,0,158,0,79,0
idle,571412,1,62,68,281,270,117,81
idle,571412,0,191,91,154,0,0,0
idle,571415,1,80,81,244,272,120,74
idle,571418,0,197,92,139,0,52,0
idle,571422,1,109,0,189,271,132,53
idle,571443,2,159,0,0,0,0,0
idle,571444,2,176,0,0,0,0,58
idle,571444,2,170,95,0,0,0,0
idle,571445,2,160,0,0,0,0,0
idle,571447,2,169,0,0,0,0,0
idle,571447,2,175,0,52,0,0,56
idle,571448,2,183,52,0,0,0,0
idle,571451,2,169,0,0,0,0,71
idle,571453,0,78,94,125,0,57,89
idle,571483,1,0,0,173,208,110,63
idle,571686,2,179,0,65,0,0,0
idle,571686,0,157,97,125,0,0,110
idle,571686,1,75,59,172,245,84,71
idle,571687,2,178,0,50,0,0,0
idle,571687,0,161,77,139,0,0,124
idle,571689,1,122,78,172,256,79,0
idle,571692,2,163,58,0,0,0,66
idle,571695,0,119,136,147,0,0,137
idle,571860,1,88,227,172,258,79,0
idle,571861,2,176,74,0,0,0,0
idle,571861,0,137,136,183,84,0,133
idle,571862,1,69,232,172,258,72,0
idle,571862,2,163,0,51,0,0,0
idle,571864,0,69,136,183,84,0,135
idle,571867,1,107,185,172,258,72,83
idle,571872,2,165,0,0,0,74,0
idle,571873,0,0,136,156,0,0,93
idle,571967,2,157,0,0,0,0,0
idle,571967,0,51,68,97,0,69,93
idle,572236,1,57,219,172,242,69,72
idle,572237,2,153,105,0,0,0,55
idle,572237,1,74,304,173,135,0,61
idle,572237,0,103,141,0,0,0,95
idle,572238,1,106,328,174,175,0,61
idle,572240,0,136,161,0,0,0,96
idle,572243,1,93,343,188,191,0,0
idle,572246,0,54,119,0,0,0,94
idle,572249,1,63,366,192,191,0,0
idle,572252,0,0,74,0,0,0,77
idle,572289,1,115,380,200,194,0,52
idle,572510,0,61,55,0,0,0,0
idle,572511,1,176,393,212,194,0,61
idle,572511,0,72,0,0,52,0,0
idle,572512,1,202,393,227,164,0,66
idle,572512,0,119,161,0,58,66,0
idle,572514,1,224,329,241,80,0,70
idle,572517,0,94,109,59,58,0,50
idle,572785,1,242,278,242,0,0,59
idle,572786,0,0,82,73,58,0,66
idle,572786,1,262,260,205,59,0,0
idle,572787,0,0,81,74,114,0,81
idle,572787,1,223,173,188,59,0,0
idle,572789,0,0,0,74,149,60,68
idle,572792,1,165,156,83,0,0,0
idle,572795,0,78,124,74,211,120,0
idle,572849,1,78,131,60,0,0,75
idle,573051,0,131,133,67,224,170,0
idle,573052,1,82,83,60,0,0,74
idle,573053,0,0,90,97,224,185,0
idle,573053,1,96,110,60,68,0,0
idle,573054,0,0,96,147,225,93,0
idle,573055,2,174,0,56,0,0,0
idle,573058,2,162,55,56,0,0,0
idle,573061,2,165,0,56,0,0,0
idle,573063,2,169,0,56,0,0,0
idle,573065,2,174,120,56,0,0,0
idle,573068,2,161,53,54,0,0,0
idle,573071,2,162,0,50,0,0,0
idle,573073,2,172,0,50,0,0,0
idle,573076,2,161,114,60,0,0,69
idle,573079,2,161,52,61,0,0,0
idle,573082,2,163,0,0,0,0,0
idle,573085,2,165,0,54,0,0,0
idle,573087,2,173,0,0,0,0,60
idle,573089,2,168,80,0,0,0,64
idle,573092,2,161,0,0,0,0,0
idle,573095,1,109,52,51,0,0,0
idle,573097,0,74,102,230,245,65,77
idle,573335,2,163,0,0,0,0,0
idle,573336,1,56,53,52,0,0,0
idle,573336,0,170,182,260,245,0,72
idle,573337,2,173,0,60,0,0,57
idle,573337,1,83,61,0,0,0,0
idle,573338,0,187,258,261,245,0,66
idle,573341,2,184,80,0,0,0,55
idle,573344,1,100,64,54,0,0,0
idle,573347,0,196,306,224,245,0,0
idle,573350,2,155,0,0,0,0,0
idle,573354,1,87,69,62,55,0,83
idle,573355,0,203,346,218,245,0,0
idle,573610,2,175,0,0,0,0,0
idle,573611,1,63,91,63,66,0,56
idle,573611,0,222,315,219,232,53,0
idle,573612,2,165,0,0,0,0,54
idle,573612,0,229,240,219,211,87,74
idle,573614,1,104,0,54,67,0,52
idle,573617,2,171,56,0,0,0,72
idle,573619,1,95,51,50,0,0,0
idle,573622,0,252,245,220,96,58,62
idle,573910,1,62,61,0,0,0,0
idle,573911,0,279,245,234,0,0,78
idle,573911,1,89,0,65,0,0,0
idle,573911,0,228,249,256,0,0,0
idle,573912,1,78,90,64,0,0,0
idle,573913,0,278,233,232,0,0,50
idle,573916,1,69,85,50,0,0,68
idle,573919,0,135,127,54,0,0,0
idle,573921,1,89,0,54,0,0,84
idle,573924,0,143,185,0,0,0,0
idle,573969,1,103,0,0,64,0,74
idle,574152,0,150,134,0,0,0,0
idle,574153,1,52,69,0,0,0,0
idle,574153,0,0,113,0,0,0,0
idle,574154,1,85,0,0,0,0,0
idle,574154,0,0,65,0,0,0,60
idle,574154,2,166,0,0,0,0,0
idle,574156,2,161,0,0,0,0,0
idle,574159,2,174,0,0,0,0,0
idle,574163,2,158,70,0,0,0,0
idle,574164,2,173,0,67,0,0,0
idle,574167,2,172,0,67,0,0,60
idle,574169,2,183,0,67,0,0,64
idle,574172,2,166,0,57,0,0,0
idle,574179,1,100,75,0,0,0,0
idle,574185,0,0,0,0,0,0,70
idle,574460,2,181,78,57,0,0,82
idle,574461,0,74,103,0,0,0,72
idle,574461,1,85,116,0,0,0,0
idle,574461,2,163,0,57,0,54,179
idle,574462,1,83,0,0,0,0,0
idle,574463,0,162,116,0,0,0,52
idle,574466,2,166,50,0,0,0,303
idle,574468,1,100,55,0,0,0,73
idle,574471,0,79,0,0,0,0,0
idle,574474,2,176,0,50,0,68,335
idle,574477,1,77,87,0,70,0,79
idle,574481,0,0,0,0,0,0,0
idle,574554,2,162,90,50,0,123,365
idle,574555,0,0,0,0,0,0,0
idle,574562,2,178,0,53,69,197,294
idle,574710,1,63,0,0,0,0,74
idle,574711,0,61,0,0,0,0,0
idle,574711,2,164,0,0,138,222,218
idle,574712,1,89,74,0,0,0,53
idle,574712,0,164,98,0,0,0,58
idle,574713,1,92,84,52,50,0,0
idle,574985,0,120,59,0,0,0,70
idle,574986,1,84,0,52,53,0,0
idle,574986,0,0,59,0,0,0,0
idle,574986,1,89,0,0,53,0,0
idle,574987,0,61,0,0,0,0,0
idle,574987,1,70,56,75,60,0,82
idle,574991,0,67,0,0,0,0,0
idle,574993,1,78,70,65,95,0,83
idle,575027,0,90,117,0,0,0,0
idle,575235,1,85,88,64,66,0,74
idle,575236,0,108,89,0,0,0,0
idle,575236,1,102,67,58,0,0,52
idle,575236,0,0,54,0,0,0,50
idle,575237,1,83,0,57,0,0,0
idle,575485,0,0,0,0,0,0,0
idle,575486,1,60,58,58,0,0,0
idle,575486,0,0,0,0,0,0,59
idle,575486,1,109,0,0,0,0,0
idle,575487,0,71,108,0,0,0,72
idle,575487,1,107,87,69,0,0,85
idle,575490,0,139,102,0,0,0,59
idle,575493,1,86,98,57,71,0,82
idle,575687,0,0,57,0,0,0,0
idle,575687,1,66,0,57,79,0,0
idle,575688,0,0,56,0,0,0,0
idle,575688,1,104,0,0,0,0,0
idle,575688,0,0,0,0,0,0,0
idle,575689,2,161,0,0,192,238,248
idle,575691,2,177,0,0,213,251,257
idle,575694,2,167,81,0,50,254,265
idle,575697,2,162,0,54,0,258,261
idle,575700,2,170,0,0,0,197,260
idle,575703,2,167,0,0,0,95,225
idle,575706,2,162,84,0,0,74,146
idle,575709,2,162,0,0,0,53,101
idle,575712,2,169,0,0,0,68,86
idle,575715,2,161,0,0,0,0,87
idle,575717,2,162,72,0,0,0,66
idle,575720,2,170,63,0,0,0,0
idle,575722,2,163,56,54,0,0,0
idle,575725,2,167,0,54,0,0,0
idle,575728,1,73,53,0,0,0,0
idle,575730,2,171,0,59,0,0,0
idle,575737,0,0,71,0,0,61,0
idle,575985,2,173,105,59,0,0,0
idle,575986,1,60,0,0,0,0,0
idle,575986,0,144,134,0,0,57,78
idle,575986,2,155,0,59,0,0,0
idle,575987,1,95,54,70,0,0,0
idle,575988,0,103,77,0,0,0,94
idle,575990,2,170,53,59,0,0,0
idle,575993,1,91,107,64,0,0,55
idle,575996,0,0,0,0,0,0,59
idle,575998,2,168,0,59,0,0,0
idle,576001,1,68,55,50,64,0,60
idle,576011,0,0,0,0,0,0,0
idle,576236,2,162,73,51,0,0,54
idle,576236,1,107,0,0,86,0,53
idle,576237,0,52,0,0,0,0,0
idle,576237,2,180,63,0,0,0,0
idle,576238,1,97,77,0,52,0,0
idle,576238,0,101,141,0,0,62,53
idle,576241,2,177,0,52,0,0,0
idle,576244,1,57,0,59,0,0,0
idle,576246,0,161,118,0,0,61,55
idle,576485,1,120,50,59,50,0,0
idle,576486,0,0,51,0,0,57,67
idle,576486,1,75,90,0,64,0,0
idle,576486,0,0,0,0,0,0,64
idle,576487,1,88,81,52,64,0,0
idle,576488,0,51,0,0,0,0,63
idle,576490,1,61,0,52,64,0,59
idle,576497,0,60,125,0,0,0,0
idle,576735,1,98,63,0,55,0,61
idle,576736,0,166,116,0,0,0,0
idle,576736,1,61,70,0,51,0,52
idle,576736,0,61,50,0,0,57,0
idle,576737,1,93,56,53,0,0,53
idle,576738,0,0,0,0,0,0,0
idle,576776,1,82,81,53,0,0,0
idle,576777,2,165,0,0,0,0,58
idle,576778,2,164,0,0,0,0,60
idle,576778,2,173,99,0,0,0,0
idle,576780,2,155,51,0,0,0,61
idle,576781,2,173,0,60,0,0,95
idle,576781,2,183,0,64,0,0,64
idle,576784,2,170,88,0,0,0,53
idle,576787,2,178,0,0,0,0,0
idle,576791,0,0,0,0,0,0,0
idle,576985,1,92,69,53,0,0,0
idle,576986,2,170,0,0,0,0,72
idle,576986,0,50,54,0,0,0,81
idle,576986,1,58,0,0,0,0,0
idle,576987,2,180,0,57,0,0,70
idle,576987,0,136,139,0,0,0,82
idle,576990,1,77,0,0,0,55,83
idle,576993,2,161,72,0,0,0,0
idle,577179,0,106,76,0,0,0,59
idle,577180,1,77,0,0,0,64,73
idle,577181,2,172,56,0,0,0,0
idle,577181,1,83,68,70,74,0,57
idle,577181,0,0,0,0,0,0,0
decidePlayerState.  isPlayer? A0=0
Settings. state=FANFARE. isPlayer? A0=0 A1=1 A2=1. areCoord? A01=1 A12=1 A20=1
decideCoordination.  areCoordinated? P0=0
Settings. state=FANFARE. isPlayer? A0=0 A1=1 A2=1. areCoord? A01=0 A12=1 A20=1
decideCoordination.  areCoordinated? P2=0
Settings. state=FANFARE. isPlayer? A0=0 A1=1 A2=1. areCoord? A01=0 A12=1 A20=0
idle,577213,2,182,0,61,0,0,0
idle,577217,0,0,0,0,0,55,0
decidePlayerState.  isPlayer? A1=0
Settings. state=FANFARE. isPlayer? A0=0 A1=0 A2=1. areCoord? A01=0 A12=1 A20=0
decideCoordination.  areCoordinated? P1=0
Settings. state=FANFARE. isPlayer? A0=0 A1=0 A2=1. areCoord? A01=0 A12=0 A20=0
idle,577240,2,163,0,50,0,0,55
idle,577242,1,76,0,0,0,0,57
idle,577245,0,62,62,0,0,57,0
idle,577510,1,120,0,0,0,0,0
idle,577511,2,177,0,51,0,0,0
idle,577511,0,148,127,0,0,0,58
idle,577511,1,59,59,0,0,0,0
idle,577512,2,172,72,53,0,0,0
idle,577513,0,85,56,0,0,0,66
idle,577515,1,73,0,56,0,79,0
idle,577518,2,155,0,60,0,0,54
idle,577520,0,0,52,0,0,0,66
idle,577523,2,173,0,0,0,50,61
idle,577526,1,93,0,90,0,78,111
idle,577529,0,0,0,0,0,0,61
State change.Settings. state=LONELY. isPlayer? A0=0 A1=0 A2=1. areCoord? A01=0 A12=0 A20=0
idle,577740,2,160,0,52,0,0,59
idle,577741,1,88,98,79,70,0,113
idle,577741,0,0,0,0,0,0,0
idle,577743,2,165,84,0,0,0,51
idle,577745,1,0,81,57,75,0,63
idle,577748,0,119,132,0,0,0,0
idle,577751,2,167,0,0,0,0,57
idle,577753,1,108,0,57,0,0,0
idle,577757,0,119,83,0,0,0,0
idle,577760,2,170,61,0,0,69,63
idle,577761,1,88,70,0,0,0,0
idle,578038,0,0,53,0,0,52,0
idle,578038,2,175,0,59,0,134,116
idle,578038,1,0,0,0,59,0,0
idle,578039,0,0,0,0,0,0,69
idle,578039,2,177,58,52,0,194,243
idle,578040,1,104,0,70,59,0,0
idle,578043,0,0,0,0,0,0,85
idle,578045,2,186,55,50,0,213,291
idle,578048,1,87,87,0,59,0,61
idle,578051,0,58,103,0,0,0,66
idle,578054,2,169,0,61,0,216,246
idle,578057,1,83,74,0,63,0,103
idle,578073,0,152,91,0,0,0,68
idle,578285,2,169,0,0,0,225,243
idle,578286,1,74,0,0,73,0,62
idle,578286,0,0,0,0,0,0,0
idle,578286,2,183,0,52,0,101,250
idle,578287,1,111,58,0,75,0,0
idle,578288,0,0,0,0,0,0,0
idle,578290,2,171,114,0,0,88,228
idle,578293,1,51,69,0,0,0,0
idle,578296,0,52,0,0,0,0,0
idle,578535,1,84,0,61,0,0,0
idle,578535,0,52,0,0,0,0,0
idle,578536,1,106,71,50,0,0,0
idle,578536,0,145,100,0,0,0,0
idle,578537,1,89,92,50,0,0,0
idle,578537,0,79,61,0,0,0,68
idle,578540,1,79,0,50,0,0,69
idle,578569,0,0,58,0,0,0,59
idle,578785,1,104,53,0,59,0,64
idle,578786,0,0,0,0,0,0,59
idle,578786,1,90,52,0,66,0,66
idle,578786,0,0,0,0,0,0,0
idle,578787,1,58,62,0,0,0,60
idle,578787,0,91,127,0,0,0,0
idle,579035,1,86,93,0,0,0,51
idle,579035,0,98,81,0,0,0,0
idle,579036,1,100,65,0,0,0,0
idle,579036,0,0,0,0,0,0,0
idle,579037,1,113,0,0,0,0,0
idle,579037,0,0,0,0,0,0,0
idle,579039,1,79,51,0,0,0,55
idle,579113,0,0,0,0,0,64,70
idle,579113,1,121,0,50,0,0,58
idle,579114,2,177,0,0,0,0,187
idle,579115,2,179,0,0,0,0,140
idle,579115,2,187,0,0,0,0,95
idle,579115,2,169,77,0,0,0,87
idle,579118,2,177,79,0,0,0,68
idle,579121,2,171,0,69,0,0,50
idle,579123,2,172,0,0,0,0,53
idle,579126,2,184,0,0,0,0,62
idle,579129,2,169,107,0,0,0,0
idle,579131,2,173,0,0,0,54,0
idle,579134,2,182,0,0,0,0,0
idle,579136,2,181,0,0,0,0,0
idle,579148,0,62,74,0,0,0,76
idle,579286,1,100,78,57,67,0,52
idle,579287,2,182,51,0,0,0,0
idle,579287,0,136,84,0,0,0,76
idle,579288,1,80,99,57,66,0,52
idle,579288,2,160,76,0,0,0,0
idle,579289,0,0,0,0,0,0,0
idle,579535,1,68,52,57,0,0,57
idle,579536,2,177,0,0,0,0,50
idle,579536,0,0,0,0,0,0,0
idle,579536,1,97,0,57,0,0,0
idle,579537,0,55,0,0,0,65,0
idle,579537,1,55,76,0,0,0,0
idle,579540,0,70,0,0,0,64,60
idle,579542,1,93,0,84,0,0,0
idle,579546,0,128,112,0,0,54,55
idle,579765,1,98,0,71,0,51,68
idle,579766,0,70,64,0,0,0,71
idle,579767,1,96,107,65,73,72,67
idle,579767,0,0,64,0,0,0,66
idle,579768,1,65,59,0,112,59,65
idle,579770,2,174,0,51,0,0,0
idle,579771,2,168,69,63,0,0,52
idle,579774,2,170,90,56,0,0,0
idle,579776,2,169,0,66,0,0,0
idle,579780,2,182,0,0,0,0,0
idle,579781,2,170,0,51,0,0,51
idle,579785,0,0,0,0,0,0,0
idle,579787,2,184,85,0,0,0,0
idle,579982,1,86,0,0,0,0,52
idle,579982,0,58,0,0,0,0,0
idle,579983,2,182,0,0,0,0,0
idle,579983,1,0,85,0,53,0,0
idle,579984,0,127,113,0,0,55,60
idle,579984,2,173,65,0,0,0,59
idle,579987,1,80,0,50,66,52,0
idle,579990,0,99,75,0,0,0,0
idle,579995,2,170,0,0,0,0,61
idle,580060,1,100,67,50,66,50,55
idle,580060,0,0,51,0,0,50,53
idle,580310,2,173,55,0,0,0,53
idle,580310,1,98,112,50,68,0,91
idle,580311,0,0,0,0,0,0,66
idle,580311,2,174,90,0,0,0,0
idle,580312,1,72,52,50,89,0,66
idle,580313,0,58,0,0,0,0,70
idle,580316,1,106,54,50,64,0,0
idle,580318,0,89,79,0,0,0,61
idle,580560,0,107,67,0,0,0,0
idle,580560,1,88,70,0,0,0,0
idle,580561,1,69,52,65,0,0,0
idle,580561,0,0,61,0,0,0,0
idle,580562,1,114,83,58,54,0,0
idle,580562,0,0,58,0,0,0,0
idle,580565,1,90,118,60,56,0,0
idle,580568,0,0,0,0,0,0,0
idle,580588,1,81,0,62,68,0,110
idle,580810,0,55,86,0,0,0,59
idle,580810,1,51,62,62,73,0,81
idle,580811,0,128,101,0,0,0,71
idle,580811,1,140,54,52,89,0,54
idle,580812,0,53,84,0,0,0,66
idle,580813,1,98,73,80,0,0,0
idle,581060,0,0,0,0,0,0,0
idle,581060,1,83,85,75,0,0,0
idle,581061,0,0,0,0,0,0,0
idle,581061,1,92,92,67,0,0,0
idle,581061,0,0,0,0,0,0,0
idle,581062,1,127,0,56,0,0,0
idle,581064,0,107,130,0,0,0,57
idle,581184,1,56,56,0,0,0,61
idle,581185,0,99,52,0,0,0,63
idle,581186,1,79,0,59,0,0,67
idle,581186,0,0,0,0,0,0,74
idle,581186,2,171,0,0,0,0,0
idle,581187,2,177,0,0,0,0,73
idle,581189,2,177,0,0,0,0,60
idle,581191,2,169,88,0,0,0,0
idle,581194,2,183,0,0,0,0,0
idle,581196,2,171,0,0,0,0,0
idle,581199,2,165,0,0,0,0,83
idle,581202,2,164,0,56,0,0,0
idle,581204,2,169,101,0,0,0,0
idle,581207,2,176,0,80,0,0,0
idle,581210,2,167,0,0,0,0,59
idle,581212,2,178,0,51,0,0,0
idle,581215,2,179,105,51,0,0,0
idle,581217,2,169,63,67,0,0,59
idle,581221,2,184,0,64,0,0,52
idle,581223,1,103,0,86,66,0,66
idle,581310,0,0,0,0,0,0,54
idle,581311,2,167,0,64,0,53,55
idle,581311,1,99,104,72,0,0,54
idle,581311,0,0,0,0,0,0,60
idle,581585,2,184,86,57,0,0,0
idle,581585,1,63,79,0,0,0,54
idle,581586,0,114,125,0,0,0,60
idle,581586,2,170,0,57,0,0,0
idle,581587,1,102,0,52,0,0,0
idle,581588,0,144,93,0,0,0,0
idle,581590,1,85,74,0,0,0,0
idle,581593,0,0,59,0,0,0,0
idle,581595,1,54,0,0,0,0,0
idle,581599,0,0,51,0,0,0,0
idle,581860,1,103,0,65,0,0,55
idle,581860,0,0,0,0,0,0,0
idle,581861,1,92,84,57,60,0,69
idle,581861,0,63,52,0,0,0,66
idle,581862,1,84,107,57,99,0,72
idle,581863,0,115,91,0,0,0,70
idle,581865,1,62,0,60,0,0,50
idle,581968,0,0,70,0,0,0,74
idle,581969,1,97,87,52,0,0,0
idle,581970,0,0,57,0,0,0,0
idle,581970,2,175,0,0,0,0,0
idle,581970,2,184,0,51,0,0,0
idle,581971,2,175,0,51,0,0,0
idle,581973,2,180,65,50,0,51,0
idle,581977,2,175,0,0,0,0,59
idle,581978,2,184,0,0,0,0,55
idle,581981,2,169,0,0,0,0,0
idle,581983,2,176,77,50,0,0,0
idle,581988,1,77,77,0,0,0,0
idle,582135,0,0,0,0,0,0,0
idle,582135,2,185,0,0,0,0,0
idle,582136,1,77,58,80,0,0,0
idle,582136,0,0,0,0,0,0,0
idle,582136,2,167,0,0,0,0,0
idle,582137,1,103,101,71,0,0,64
idle,582382,0,107,122,0,0,0,56
idle,582384,2,177,0,0,0,0,0
idle,582384,1,109,115,64,0,0,73
idle,582384,0,73,103,0,0,57,71
idle,582385,2,183,60,0,0,0,0
idle,582385,1,55,0,52,67,0,74
idle,582388,0,0,52,0,0,0,88
idle,582390,2,171,76,0,0,0,0
idle,582393,1,100,66,0,0,0,61
idle,582399,0,0,0,0,0,0,66
idle,582399,2,160,0,0,0,0,63
idle,582629,1,109,0,0,0,0,0
idle,582631,0,0,63,0,0,0,0
idle,582631,2,174,51,0,0,0,64
idle,582632,1,67,0,52,0,0,0
idle,582632,0,122,135,0,0,0,0
idle,582632,1,100,78,54,0,50,0
idle,582634,0,98,53,0,0,0,0
idle,582636,1,105,0,54,0,59,56
idle,582663,0,0,0,0,0,57,0
idle,582910,2,174,0,50,0,0,0
idle,582911,2,171,85,50,0,0,0
idle,582911,2,184,0,63,0,0,0
idle,582911,1,100,0,54,0,60,99
idle,582912,0,53,0,0,0,72,57
idle,582913,2,172,51,0,0,0,55
idle,582915,1,79,62,0,70,0,55
idle,582918,0,61,0,0,0,59,70
idle,582921,2,174,0,54,0,0,0
idle,582923,1,114,0,51,60,0,0
idle,582926,0,103,105,0,0,0,67
idle,582929,2,176,0,56,0,0,0
idle,582931,1,85,79,66,0,0,52
idle,583185,0,124,70,0,0,0,0
idle,583185,2,170,95,52,0,0,54
idle,583186,1,69,98,60,0,0,0
idle,583186,0,0,60,0,0,0,0
idle,583186,1,73,62,50,0,0,0
idle,583187,0,0,0,0,0,0,0
idle,583189,1,94,0,52,0,0,0
idle,583192,0,0,0,0,0,51,0
idle,583195,1,75,66,0,0,0,102
idle,583460,0,86,67,0,0,0,0
idle,583460,1,101,0,76,66,0,66
idle,583461,0,133,101,0,0,0,0
idle,583461,1,108,71,63,107,0,60
idle,583461,0,50,52,0,0,0,52
idle,583463,1,98,117,57,0,0,60
idle,583465,0,0,52,0,0,0,52
idle,583735,1,66,90,51,0,0,59
idle,583735,0,51,0,0,0,0,52
idle,583735,1,115,0,60,0,0,58
idle,583736,0,66,0,0,0,0,0
idle,583736,1,87,73,0,52,0,0
idle,583737,0,109,134,0,0,0,0
idle,583740,1,62,0,60,52,0,57
State change.Settings. state=OHAI. isPlayer? A0=0 A1=0 A2=1. areCoord? A01=0 A12=0 A20=0
idle,583750,0,98,75,0,0,0,0
idle,583755,1,103,58,67,52,0,64
idle,583857,2,171,68,0,0,0,60
idle,583858,2,170,0,0,0,0,52
idle,583858,2,179,0,0,0,0,0
idle,583859,2,169,64,65,0,0,0
idle,583859,2,167,0,65,0,0,91
idle,583859,2,182,0,0,0,0,78
idle,583862,2,182,0,0,0,0,0
idle,583864,2,187,72,0,0,0,0
idle,583867,2,191,0,0,0,0,79
idle,583870,2,179,0,0,0,0,60
idle,583872,2,176,0,0,0,0,0
idle,583875,0,0,53,0,0,0,61
idle,583877,2,177,0,0,0,0,0
idle,583880,1,99,127,68,91,0,57
idle,583883,0,0,0,0,0,0,75
idle,583885,2,179,73,0,0,0,0
idle,583888,1,80,91,60,0,0,54
idle,584010,0,52,0,0,0,0,73
idle,584010,2,170,0,54,0,0,72
idle,584011,1,83,0,59,0,0,66
idle,584011,0,89,94,0,0,0,0
idle,584011,2,182,0,0,0,0,69
idle,584285,1,106,79,0,0,0,0
idle,584285,0,91,90,0,0,0,0
idle,584286,1,72,69,68,0,0,0
idle,584286,0,0,52,0,0,0,0
idle,584286,1,88,0,72,0,0,61
idle,584287,0,0,52,0,0,69,55
idle,584289,1,100,107,0,51,0,68
idle,584292,0,0,0,0,0,0,61
idle,584306,1,102,67,0,71,0,67
idle,584560,0,0,75,0,0,0,59
idle,584560,1,65,0,0,0,0,72
idle,584560,0,105,105,0,0,0,74
idle,584561,1,94,63,0,0,0,67
idle,584561,0,0,60,0,0,0,67
idle,584562,1,103,0,87,0,0,0
idle,584564,0,0,52,0,0,0,67
idle,584601,1,90,57,57,0,0,0
idle,584601,2,170,0,0,0,0,52
idle,584602,2,175,51,0,0,0,0
idle,584602,2,183,0,59,0,0,66
idle,584603,2,169,53,0,0,0,63
idle,584605,2,168,0,0,0,0,0
idle,584606,2,184,80,0,0,0,55
idle,584609,2,184,0,60,0,0,0
idle,584611,2,163,52,61,0,0,0
idle,584623,0,0,0,0,0,63,0
idle,584839,1,94,103,57,0,0,0
idle,584839,2,184,0,61,0,0,0
idle,584839,0,0,66,0,0,50,0
idle,584840,1,114,68,51,0,0,103
idle,584840,2,183,59,61,0,0,0
idle,584841,0,105,119,0,0,0,0
idle,584844,1,92,0,54,79,0,89
idle,584847,2,175,77,53,0,53,0
idle,584849,0,99,52,0,0,0,0
idle,585069,1,69,56,0,81,0,0
idle,585069,2,169,0,0,0,0,0
idle,585070,0,0,0,0,0,0,72
idle,585070,1,100,0,84,0,0,0
idle,585071,2,175,0,0,0,0,0
idle,585071,0,0,0,0,0,0,65
idle,585073,1,75,88,0,0,0,0
idle,585078,2,184,0,50,0,0,0
idle,585135,0,54,0,0,0,0,63
idle,585135,2,168,59,50,0,0,0
idle,585135,0,117,131,0,0,0,59
idle,585136,1,67,104,0,0,0,0
